photogrametria/points_cloud/map_visualization/HightGrid.csv
ncols         160
nrows         353
xllcorner     1000
yllcorner     1000
cellsize      50
NODATA_value  -9999
[rows 196 to 223 of 353, columns 0 to 62 of 160]
285.0225 288.8263 291.2056 293.1594 294.8637 296.0281 295.0512 290.0212 283.9106 280.74 279.4819 278.8806 278.81 278.8931 279.2144 279.4431 279.5256 279.7638 280.2319 280.845 281.5925 282.5587 283.4006 284.3569 285.8538 287.6425 289.8669 291.9656 292.2263 288.3087 276.72 258.1063 240.1594 232.605 243.5688 265.1325 277.9044 281.4581 287.0281 295.3631 304.4769 315.6175 326.2081 333.6381 339.4269 343.9794 348.27 355.9894 365.7469 372.94 377.4106 380.9125 383.9156 386.3175 388.5837 390.9631 393.2175 395.7531 398.8506 401.9994 404.96 407.5875 409.5306
282.5275 286.7469 289.0225 291.05 292.8181 293.7013 291.2687 284.6281 278.8612 277.1675 276.7819 276.3981 276.3844 276.3994 276.6006 276.8131 276.8538 276.9987 277.3119 277.635 278.1444 279.2144 280.45 281.6963 283.4319 285.46 287.5181 289.1075 286.5719 275.3169 255.5406 235.6194 226.9731 234.2162 251.945 267.3463 276.4081 286.28 298.4906 308.8213 316.2519 323.0475 329.4594 335.1237 340.2687 343.5631 347.0125 355.1175 365.0825 371.9625 375.9438 378.3444 380.3087 382.6588 385.33 388.0419 391.1288 395.0262 398.6638 401.6669 404.4094 406.6212 408.6787
278.5162 283.6913 286.3412 288.6494 290.865 290.8231 285.6569 278.2681 274.5075 274.3737 274.5081 274.0713 273.8019 273.925 274.1825 274.39 274.5562 274.6294 274.5894 274.6006 275.0887 276.335 277.8519 279.2544 281.0312 283.1212 284.8469 285.7406 279.3075 259.125 235.5663 226.2456 232.045 244.0587 259.5738 273.6644 284.7631 296.4331 307.0425 314.6081 320.0131 325.095 330.4775 335.985 340.2456 342.1575 345.3275 353.725 363.4831 369.2613 372.015 373.9169 376.1831 379.5612 383.5525 387.8863 392.9675 398.215 401.8319 403.8175 405.1056 406.4337 408.6888
274.2244 280.2094 283.6187 286.5088 289.2319 287.1738 278.7769 271.8775 270.5175 271.1525 271.5156 271.2344 270.9175 271.2737 271.7762 272.0325 272.1888 272.1781 272.0125 271.9394 272.4375 273.8094 275.5044 276.8763 278.32 280.0762 281.4581 280.5131 268.4069 241.4688 220.3506 223.1569 236.6263 248.2669 263.7506 280.0338 291.5069 300.735 308.0294 312.9237 317.7987 323.6613 329.2731 334.4269 337.7719 339.4131 343.3631 351.1588 359.255 364.3056 367.88 372.4944 377.6494 382.3981 386.94 391.7419 397.0925 402.225 405.6031 407.0906 407.6313 408.3675 410.2269
270.5981 276.365 280.7619 284.9406 287.4019 282.5481 272.5525 266.9519 266.6925 267.3062 267.6806 267.8163 268.0131 268.4887 269.0394 269.4362 269.6438 269.7263 269.6644 269.6013 270.1931 271.815 273.5825 274.6431 275.5056 276.6063 277.5406 273.1244 252.995 225.0075 213.5338 221.8788 235.9706 250.7381 267.3856 281.6025 290.7387 298.5119 305.4425 310.3987 315.5225 321.5512 327.1325 331.5181 334.0219 337.045 343.0419 350.0475 356.7712 362.9544 368.7219 374.9887 380.8406 385.7975 390.4525 394.7856 399.2431 403.6081 406.7894 408.8163 410.3125 411.3825 412.6913
268.655 273.5187 278.4769 283.4869 284.3269 276.8856 267.2956 263.2013 263.1275 263.73 264.3019 264.7812 265.3944 265.9537 266.3506 266.75 267.105 267.3131 267.355 267.4269 268.3563 270.2794 271.875 272.5612 273.0806 273.7025 274.0194 266.45 240.7081 216.6756 219.1812 234.6031 249.395 264.3956 277.24 286.0431 291.1994 296.7375 304.3112 311.4756 317.28 322.68 327.9188 331.2656 333.3756 338.8625 347.3262 354.3563 360.3575 366.4319 371.8513 376.7869 381.3656 386.1525 391.0156 395.085 398.9175 402.7081 405.7956 408.4238 411.0519 413.2137 415.0331
268.7112 272.5463 276.6525 280.0931 278.0862 269.5744 262.1244 259.9213 260.2006 260.9381 261.7069 262.3312 263.0281 263.7025 264.0594 264.3269 264.6537 264.8213 264.9662 265.2875 266.4925 268.6131 270.0887 270.5969 270.9494 271.3119 271.1256 263.1156 237.1356 215.385 226.2663 250.6763 266.9281 277.6113 285.51 291.1431 295.0612 299.5806 306.385 313.4088 318.9169 324.395 330.1431 333.5525 336.3594 342.9069 351.0006 357.3588 362.68 367.6688 372.1469 376.3331 380.6663 385.3856 389.9694 394.0262 397.9094 401.5187 404.7194 407.7838 411.0144 414.1531 416.8569
269.0113 271.4944 273.7706 274.1875 269.4794 261.715 257.3194 256.925 257.5688 258.4725 259.3975 260.0631 260.6138 261.1844 261.6331 262.0531 262.4825 262.6187 262.7012 263.1269 264.5244 266.7588 268.2913 268.81 268.9344 268.975 268.0456 260.28 236.2131 214.4162 226.2831 255.6806 273.7881 281.5244 286.3156 290.7538 295.4194 300.4487 306.3712 312.4438 318.1644 324.5931 330.6419 334.4044 338.0425 343.5606 349.3525 354.7387 360.0231 365.1106 369.74 373.9275 378.1719 382.6762 387.1869 391.8194 396.6187 400.7925 404.3469 407.7756 411.3281 414.8513 417.8044
268.0187 269.6494 270.6562 268.2569 261.6275 255.6406 253.78 254.1338 254.9963 256.1594 257.0425 257.4694 257.7913 258.4031 259.1931 259.9012 260.485 260.745 260.8475 261.3563 262.8731 265.0344 266.5625 267.1656 267.1963 266.6131 262.4781 250.0519 226.8681 209.9388 224.7669 256.2337 274.69 280.9544 284.6006 288.4463 293.1544 298.3819 304.1706 310.54 317.3044 324.1119 329.1731 332.5713 336.5931 341.425 346.3394 351.5756 357.1656 362.445 367.0287 371.3319 375.6963 380.3612 385.3806 390.5663 395.9794 401.0406 405.0744 408.4931 411.8687 415.1106 417.9488
266.2938 268.1006 268.2344 263.4031 255.9119 251.8488 251.495 251.8269 252.5644 253.7175 254.4656 254.5394 254.5806 255.5456 256.9381 257.9269 258.6356 259.1756 259.5063 260.0881 261.5538 263.4656 264.8481 265.3994 264.2031 259.8481 249.1256 230.9212 211.3944 205.1263 225.8056 257.2731 274.15 279.3238 282.8656 286.9081 291.7206 296.9062 302.8094 309.3463 315.9231 321.8775 326.5131 330.8569 335.9688 341.3712 346.525 351.8563 357.6544 362.9644 367.6731 372.4956 377.4419 382.555 387.8031 392.8731 397.9537 402.8287 406.6237 409.6475 412.555 415.2662 417.8444
264.3188 266.1875 265.0338 258.27 251.1625 248.7619 249.2188 249.8106 250.2781 250.8913 251.4738 251.3706 251.3281 252.7713 254.7975 256.2638 257.1069 257.6469 257.8644 258.2494 259.6219 261.2638 262.4275 261.0144 253.9362 241.7875 225.505 209.3056 201.9375 209.2838 233.3613 260.4831 273.9512 278.1194 281.6106 285.8912 290.6712 295.7625 301.6862 307.7875 313.4612 319.1969 325.505 332.4887 339.3044 345.1737 350.2863 355.67 361.4681 366.7675 371.7469 376.8087 381.7756 386.6081 391.2112 395.595 399.96 403.9 407.0075 409.1269 409.7281 410.1431 412.1187
261.585 262.655 260.1725 252.5562 246.57 245.5925 246.4956 247.4413 247.9206 248.015 248.2019 248.2325 248.7306 250.5169 252.7606 254.6425 255.5788 255.8069 255.7756 255.9425 256.9406 258.1775 258.0219 250.7162 234.7744 217.5756 203.4637 197.9356 204.7844 221.235 244.5219 264.7944 273.8562 277.1938 280.8312 285.0494 289.3925 294.2244 299.8156 305.5837 311.445 318.3969 326.8244 335.6888 343.4088 349.0919 353.935 359.5262 365.2613 370.3219 375.25 380.1875 384.6137 388.5512 392.2387 395.6981 398.6194 400.8231 402.6406 402.5056 398.5469 394.8575 395.5963
258.0825 257.8763 254.2406 246.8419 242.3313 242.4031 243.5038 244.3556 245.0631 245.5631 245.6562 245.6962 246.5275 248.2831 250.2975 252.1794 253.3031 253.5519 253.5413 253.7294 254.3119 255.0912 252.3269 237.9644 215.2794 199.745 197.9263 206.415 219.4669 235.315 253.905 267.8188 273.6381 276.7662 280.3519 284.1344 288.1038 292.6456 297.7387 303.34 309.98 318.4181 328.1131 337.3719 344.8119 349.9444 354.6319 360.4625 366.275 371.3513 376.2844 381.0081 384.5619 386.5044 387.7075 388.9431 389.3494 388.9231 388.4344 385.9 379.9669 374.5625 373.42
253.6556 252.4 248.0363 241.5619 238.4756 238.87 239.9606 240.8125 241.8925 243.1913 243.3056 242.91 243.7625 245.7063 247.7631 249.5094 250.6531 251.0788 250.725 250.455 250.8087 250.5494 245.6444 227.655 202.445 194.8087 209.6062 227.7481 240.1037 250.83 261.9912 269.8156 273.4413 276.1425 279.1356 282.5963 286.8775 291.5125 295.9825 301.055 308.4956 318.8969 329.89 339.0456 345.6137 349.9769 354.2581 359.7037 365.2619 370.3744 375.3012 379.1669 379.6663 376.425 372.9212 371.07 369.2206 366.9237 364.8563 362 357.8531 354.1944 352.9275
248.9694 246.5794 241.8306 237.1544 235.4088 235.4713 236.2294 237.2787 238.4944 239.8025 239.9581 239.72 240.9987 243.2856 245.5625 247.3288 248.2519 248.5112 246.9106 244.8831 243.5425 239.2619 231.9263 215.1025 194.3194 198.3825 224.6306 245.61 255.7225 261.7844 266.6381 270.2525 272.6519 274.6469 277.2644 280.7556 284.8925 289.3925 293.9138 299.5475 308.7238 321.4838 333.6519 342.1019 347.3194 351.0381 354.9962 359.88 364.9244 369.6162 374.0075 375.2181 369.0462 358.3444 350.675 347.4 344.77 340.9769 337.5063 335.4488 334.6063 335.6975 338.4419
245.0631 241.3313 236.2912 233.4337 232.7681 232.4775 232.6537 233.495 234.5663 235.6781 236.4475 237.3013 239.13 241.3631 243.4113 244.8037 245.1131 244.655 240.4669 233.8256 228.0169 219.0494 209.7913 197.7906 187.275 201.4588 231.7075 251.8981 260.3587 264.4556 267.0844 269.2125 271.0413 272.8906 275.7462 279.1131 282.5131 286.6913 291.9075 299.1919 310.6025 325.1725 337.7469 345.0944 349.2406 353.0425 357.1775 361.5525 365.9688 370.1569 372.7656 368.6925 354.5094 337.1769 326.7744 323.75 320.58 314.1263 309.6256 309.2188 311.2762 316.4631 324.3925
241.655 237.3313 232.3638 230.2225 229.8781 229.6913 229.7644 229.9925 230.6475 231.8644 233.3419 235.3906 237.915 240.0638 241.6119 242.0912 241.0719 238.4725 229.785 215.8906 204.3038 194.765 188.7075 185.4975 188.1369 209.0238 237.0506 253.1062 259.56 263.2906 265.7525 267.4875 269.0463 271.155 274.0638 277.1506 280.4569 284.7281 290.66 299.9175 313.4381 328.4975 340.3956 347.1494 351.2538 354.5988 356.76 358.725 362.02 366.115 366.1975 356.3356 335.7725 313.2644 301.2812 299.4944 297.3444 293.4781 294.6406 299.0769 302.0494 305.2825 312.7544
238.6712 234.5144 229.7244 227.4481 226.9062 226.8756 227.2406 227.2819 227.7175 229.0788 230.8988 233.6019 236.6669 238.8169 240.0331 239.8581 236.615 228.9962 214.1369 195.0781 182.545 179.1894 183.2744 192.5956 206.2956 226.3981 245.0113 254.2869 258.36 261.6419 264.1087 265.7206 267.4206 269.655 272.0919 274.7781 277.8231 281.855 288.8062 301.03 316.9906 331.4625 341.4075 346.6594 348.6544 347.8644 344.7987 343.1575 345.5075 349.4994 347.3262 334.6575 312.9094 290.1731 280.1644 281.6088 285.32 292.345 303.6819 313.1588 317.17 318.7913 322.7712
236.0619 231.6769 226.7937 224.5181 224.0394 223.8944 224.1969 224.7481 225.6831 227.1888 229.0794 231.6569 234.67 236.9144 238.08 237.7381 231.7612 216.9419 195.8994 177.9219 174.1712 183.6594 199.5381 216.7775 230.9081 241.8294 249.5 253.7413 256.7963 259.9631 262.455 264.0562 265.9706 268.2269 269.9831 271.1469 272.1125 274.845 282.8737 297.7062 315.1038 328.7644 335.4269 335.7062 332.5262 326.8119 320.4312 317.885 320.515 323.3844 317.7825 304.3344 289.1944 276.8294 274.0231 279.4369 289.6425 306.4675 323.905 333.7137 338.8669 344.7581 350.9
233.34 228.1756 223.4369 221.5981 221.2969 221.1194 221.265 222.1913 223.6888 225.34 227.1675 229.4231 232.2494 234.7419 236.0419 235.4506 226.7312 205.3656 181.1625 170.1994 178.9406 199.2669 220.3931 235.5444 242.7806 246.2769 249.1981 252.1769 255.3419 258.4631 260.955 262.5919 264.4275 266.4744 266.6456 264.2513 261.6325 262.3181 269.7594 283.7719 299.9806 312.8194 315.74 309.0413 300.8631 294.8375 291.5638 292.0519 295.0969 295.18 287.1787 277.3894 273.45 274.4894 278.7819 286.5556 301.7906 325.5988 345.9463 354.2275 359.0269 368.1394 378.48
230.1288 224.3613 220.2875 218.8956 218.46 218.3138 218.5619 219.6225 221.4738 223.4162 225.2756 227.5219 230.1619 232.5087 234.0675 232.8112 220.5906 194.87 172.2244 170.1044 187.0338 210.8412 230.4719 239.7738 242.205 244.1056 247.0781 250.8519 254.365 257.2431 259.7888 261.68 263.2588 264.14 261.1263 254.5081 249.105 247.7544 251.3763 259.3313 270.9125 282.3481 283.74 274.9475 267.6212 265.8144 266.9362 269.6894 272.4537 271.7888 268.3394 268.6094 274.0013 280.9319 287.8331 298.6731 320.1738 348.2938 369.005 377.4119 381.8069 389.4756 399.2031
225.9606 220.0369 216.7637 215.8294 215.3938 215.3419 215.9325 217.335 219.3419 221.3681 223.2594 225.6087 228.01 229.8494 231.6681 229.1225 212.5363 185.4125 168.0575 172.5675 191.4913 212.3994 227.4888 234.38 237.7575 241.4556 245.5188 249.885 253.6212 256.3169 258.5669 260.2038 260.535 258.0713 250.7144 241.6531 236.0625 234.4419 235.6687 238.485 243.6081 250.3319 252.4931 251.1937 254.0406 258.7175 260.11 260.005 261.2419 264.9213 271.4994 280.675 290.5569 298.8488 306.4975 320.6519 344.7606 369.555 386.13 394.5269 399.13 404.2012 410.1875
221.0569 215.485 213.0631 212.5762 212.4419 212.3694 213.0756 214.8831 217.1381 219.2063 221.0875 223.3219 225.38 227.0019 229.0287 224.0612 202.3931 176.3825 166.23 174.1475 190.6594 206.2156 218.3225 227.9881 235.4394 241.2269 245.7675 249.6131 252.8975 255.235 256.2431 255.3081 251.8056 244.6356 234.5144 226.585 224.1844 227.3019 234.9606 241.0606 241.4456 240.5531 242.8813 251.1113 264.8481 275.2606 275.8225 273.0262 275.26 284 296.0862 308.0675 319.4456 328.8288 336.965 349.5812 367.1231 382.9287 393.6738 400.6775 405.6956 409.8838 413.4175
216.7356 211.5581 209.8219 209.5006 209.5425 209.47 210.2394 212.2344 214.5925 216.9925 219.3931 221.3994 222.7825 224.1962 225.6406 217.3681 191.6175 167.915 164.1212 173.3163 187.2612 202.2775 217.0656 230.1288 238.5569 243.3581 246.7456 249.4263 250.86 250.86 248.8763 243.2337 235.0444 226.8763 221.1812 219.8719 223.8519 235.0119 252.5112 265.19 264.6719 260.3087 262.8031 274.1081 291.0969 302.9231 301.6356 297.9037 304.1794 316.5881 327.6256 337.2581 347.43 356.2931 363.515 371.2369 379.8412 388.3625 395.71 401.9444 407.5969 412.0244 414.8719
212.1938 208.0988 207.0081 206.6963 206.5912 206.9131 208.2225 210.405 212.6288 214.9662 217.5744 219.4662 220.5069 221.6712 221.1506 208.815 181.6938 161.3994 161.2631 170.7812 184.0406 201.1662 218.76 232.81 241.2487 244.4088 244.8037 244.9694 243.3375 239.0144 232.9044 224.9025 218.2925 216.6812 220.8694 228.7675 239.4081 254.85 274.7712 291.0138 295.0988 293.8219 297.6562 308.1088 321.8981 330.3587 327.9481 323.4881 328.2369 339.43 348.1288 354.7794 362.125 368.1925 372.8481 377.5038 382.9688 389.3188 396.095 403.0363 409.22 413.45 416.0787
206.2894 204.7619 204.6488 204.5144 204.4306 205.0744 206.6638 208.9706 211.2363 213.1481 215.1331 216.8581 217.9288 218.6875 214.7275 196.7506 170.6169 157.0244 159.705 167.1763 176.85 191.6162 209.0644 224.8087 235.0975 236.8337 233.1444 230.1613 226.5562 220.3213 214.6356 212.4113 215.4662 222.4494 232.4675 245.4775 259.2456 273.5769 290.0069 306.4975 317.2638 322.2525 327.4788 335.4175 343.545 348.1087 347.9106 345.9344 347.005 352.1388 357.9475 363.8819 369.5862 372.9419 375.1456 378.1381 382.6263 388.3013 394.9113 402.1744 408.3056 412.5562 415.8094
201.0619 201.5087 202.1125 202.4256 202.8625 203.87 205.5112 207.6006 209.5756 211.2481 212.9212 214.3131 214.8831 213.9369 204.6156 181.4744 160.4219 157.8763 165.65 171.2094 174.305 180.1031 192.1775 207.8381 217.7012 217.0681 212.1006 210.1156 209.8056 208.725 210.625 217.8362 227.885 237.5706 247.91 260.4825 272.5162 283.6581 296.5338 311.2888 325.9725 337.3619 344.3656 349.3644 353.3031 355.9012 357.4906 358.4463 359.8181 362.3631 366.3319 371.9131 376.995 379.4369 380.57 381.9825 384.3719 388.1244 393.3831 399.6175 405.3538 410.28 414.6556
197.6331 198.465 199.3181 200.1919 201.1888 202.5388 204.3056 206.3231 208.1844 209.7944 211.1337 211.8081 211.09 206.4137 191.19 167.8081 156.0656 164.65 179.7819 189.4987 191.4725 187.1181 185.5163 191.9375 198.0494 199.2975 199.8169 203.5894 210.045 217.205 225.62 234.9088 243.1594 250.8706 259.8381 269.45 278.0975 286.5162 296.835 310.3125 326.6063 341.5487 350.735 355.3594 358.1856 360.2019 362.0731 364.09 366.5525 369.4912 373.2 378.0438 382.5969 385.2681 386.4519 387.5 388.8612 390.7844 394.3381 399.43 404.71 409.605 414.1456
