photogrametria/points_cloud/map_visualization/HightGrid.csv
ncols         160
nrows         353
xllcorner     1000
yllcorner     1000
cellsize      50
NODATA_value  -9999
[rows 224 to 251 of 353, columns 63 to 125 of 160]
418.52 422.595 425.5669 427.8625 430.3356 432.7981 435.0938 437.4525 439.8844 442.2225 444.125 445.3719 446.4831 447.9287 449.8125 451.8712 453.8863 455.8087 457.3337 458.6613 459.8838 460.7863 461.7444 463.3019 464.9794 466.1087 467.0644 468.2519 469.3138 469.9213 470.5413 471.5963 472.6019 474.5606 477.83 479.99 481.2394 482.8712 484.1519 485.0144 485.6813 486.7206 488.3669 490.355 492.7175 494.4444 496.1369 498.1944 498.8181 498.5019 498.7962 499.8662 501.5844 503.35 504.0319 503.8781 504.3956 505.8419 508.2288 510.9206 512.6244 513.6362 514.2369
418.8431 422.6162 425.64 428.2681 431.3025 434.3888 436.8712 438.98 441.2556 443.7812 445.9962 447.0569 447.7944 449.4887 451.8369 454.3062 456.6981 458.5912 459.8062 460.6256 461.4213 462.3931 463.43 464.6975 466.2538 467.6413 468.5788 469.3806 470.2169 470.7631 471.2381 472.1656 473.6137 476.0931 478.8644 480.2844 481.2531 482.7612 484.04 484.8481 485.3206 486.1094 487.4263 488.9094 490.6731 492.1881 493.7381 495.2781 495.9731 496.5375 497.4306 498.5244 500.0544 501.7613 502.7838 503.03 503.6656 505.2525 507.4631 509.2981 510.5325 511.8262 512.9312
419.7375 423.1869 426.2619 429.2437 432.7044 436.175 438.835 440.9444 443.4175 446.1725 448.3769 449.4788 450.1956 451.8163 454.1769 456.3131 458.2244 459.8962 460.9975 461.775 462.6056 463.6212 464.5437 465.5431 466.8931 468.2781 469.3531 470.0894 470.7762 471.4056 471.7613 472.315 473.7025 475.6956 477.6881 479.2538 480.5394 482.1175 483.4912 484.2731 484.6338 485.1731 486.1569 487.2156 488.6156 490.2844 492.0225 493.3744 494.175 495.115 496.29 497.4894 498.7719 500.1256 501.2425 501.9594 502.9475 504.6169 506.4519 507.7344 508.7687 510.2387 511.8725
420.9125 424.275 427.755 431.1319 434.46 437.5425 440.1719 442.8081 445.8044 448.5781 450.5044 451.6981 452.7044 453.9844 455.6369 456.9756 458.1019 459.4669 460.6744 461.855 463.0381 464.1187 465.1137 466.135 467.3281 468.5625 469.6244 470.4425 471.125 471.6787 471.9525 472.4256 473.7319 475.185 476.7219 478.4863 479.8575 481.4406 482.9175 483.5725 483.7656 484.1562 484.8869 485.7919 487.2031 489.0731 490.9894 492.3175 493.2106 494.245 495.4213 496.515 497.5619 498.7031 499.7144 500.4788 501.6081 503.3838 505.03 506.3112 507.615 509.2019 510.9656
423.0237 426.355 430.0925 433.4975 436.1837 438.7487 441.745 445.0506 447.9912 450.2019 451.8425 453.0431 454.0219 455.0444 456.1856 456.8 457.485 458.9337 460.2487 461.5044 462.7938 464.0287 465.4119 466.5837 467.5525 468.5625 469.4975 470.4319 471.0963 471.3463 471.6263 472.4037 473.9181 475.7744 477.6381 479.0319 479.9706 481.3662 482.5894 482.9869 483.0731 483.2219 483.5694 484.4625 486.1562 488.2381 490.2137 491.4956 492.33 493.3288 494.4463 495.4231 496.3875 497.5869 498.5869 499.1162 500.0331 501.7381 503.3963 505.0769 506.9331 508.6019 510.1075
426.3319 429.1894 432.4381 435.2712 437.185 439.5862 443.2744 447.08 449.6175 451.1069 452.38 453.4419 454.1688 454.9531 455.8369 456.1756 457.0369 458.9125 460.39 461.545 462.7775 464.17 465.6931 466.81 467.6088 468.3794 469.1669 470.18 470.9394 471.135 471.5131 472.5031 474.1181 476.4612 478.3863 479.1113 480.0481 481.4362 482.2225 482.69 482.88 482.5531 482.6512 483.8269 485.675 487.6269 489.4369 490.555 491.1437 492.0131 493.1413 494.2825 495.4587 496.6581 497.5756 498.105 498.9512 500.5856 502.3737 504.2194 506.1819 507.7687 509.0388
429.455 431.5931 433.9738 436.0325 437.3925 439.2919 442.7831 446.8344 449.435 450.8213 451.7794 452.11 452.4388 453.4369 454.6081 455.4688 456.8006 458.7619 460.5625 461.9769 463.1919 464.5644 465.8531 466.7662 467.5481 468.2338 468.9213 469.9662 470.9144 471.1975 471.5006 472.5044 474.1169 476.3131 477.3275 477.185 478.71 480.4819 481.1806 482.2263 482.8825 482.4631 482.4138 483.6744 485.4175 486.7581 487.8731 488.7787 489.5912 490.6263 491.7306 492.9056 494.105 495.3631 496.5625 497.5394 498.6687 500.4206 502.3619 503.9375 505.3706 506.7231 507.9575
430.81 432.4794 434.29 436.0113 437.2269 438.4312 440.8575 444.4031 447.0706 448.5762 449.2544 448.8625 449.2269 451.36 453.5287 455.0862 456.6212 458.2881 460.3619 462.2244 463.44 464.59 465.6075 466.4163 467.2362 467.9225 468.605 469.6456 470.4219 470.3731 470.3238 471.2775 472.9962 474.8587 474.9506 474.3306 476.4431 478.7244 479.7844 481.3662 482.605 482.6087 482.1631 482.9344 484.5237 485.3475 485.78 486.5556 487.8037 489.1094 490.1669 491.3181 492.4931 493.9863 495.7744 497.2925 498.7506 500.6431 502.7019 504.1838 505.3106 506.5338 507.7337
430.6769 432.4431 434.1475 435.8869 437.3262 438.4125 439.8119 441.9812 444.0388 445.2844 445.83 445.96 447.1969 450.1694 452.975 454.8687 456.3969 457.8175 459.8881 461.9381 463.1987 464.1725 465.045 465.8887 466.6112 467.1681 467.8969 468.7025 468.8981 468.4981 468.2519 469.0475 470.715 472.3869 472.6363 472.6462 474.9606 477.4062 478.9925 480.895 482.2381 482.1631 481.3037 481.5931 482.9931 484.0169 484.7213 485.6031 486.7919 487.9794 489.0963 490.4956 491.9175 493.54 495.5169 497.2337 498.7969 500.69 502.6894 504.2531 505.6269 507.0375 508.25
430.4238 432.5081 434.2894 436.0125 437.7112 438.9587 439.7544 440.7331 442.105 443.2256 443.9681 444.92 446.7031 449.4881 452.2888 454.3869 456.01 457.3419 459.1719 461.2656 462.6919 463.5725 464.4681 465.4088 465.7281 465.8175 466.3712 466.7188 466.4525 466.26 466.3875 467.1456 468.6481 470.4062 471.6831 472.6837 474.4894 476.7069 478.7338 480.4763 481.5344 481.5919 480.8838 480.7306 481.7925 483.4506 485.0744 486.345 487.2381 488.0262 489.1206 490.5669 492.095 493.7644 495.6106 497.2444 498.82 500.6669 502.5481 504.1469 505.7794 507.695 509.6362
430.6325 432.805 434.6169 436.2462 437.945 439.3175 440.0612 440.6644 441.6819 442.7563 443.5669 444.53 446.085 448.4119 450.9994 453.2244 455.1969 456.7525 458.325 460.3737 462.0075 462.8806 463.7844 464.5963 464.2606 463.5756 463.7425 463.9469 463.8119 464.16 464.9369 465.9794 467.7019 470.0219 472.1487 473.1244 473.7256 475.7875 478.2794 479.6669 480.7487 481.7825 481.6244 480.8769 481.4637 483.45 485.5444 486.9569 487.8037 488.5688 489.4744 490.52 491.9544 493.8119 495.645 497.2081 498.9844 501.1013 503.2525 505.24 507.25 509.7538 512.5531
431.0275 433.0744 434.9225 436.6356 438.2981 439.7538 440.6381 441.2256 442.0194 442.8188 443.4175 444.0581 445.1444 446.9362 449.1081 451.4787 454.2125 456.3897 457.7437 459.3547 460.9987 462.0569 462.87 463.3144 462.56 461.3244 461.045 461.3769 461.8687 462.7812 463.9675 465.3431 467.4937 470.3425 472.7019 473.1494 472.875 474.8256 477.4956 479.1038 480.5713 481.9369 482.1431 481.4394 481.8644 483.6625 485.4263 486.5912 487.6162 488.6987 489.5087 490.2362 491.6588 493.705 495.6681 497.525 499.8769 502.5819 505.2038 507.8381 510.4256 512.895 515.2238
431.0262 432.8025 434.6725 436.7462 438.6381 440.0094 440.9394 441.7356 442.4519 443.0425 443.5581 444.0794 444.7969 445.8625 447.3012 449.6962 453.185 455.9866 457.28 458.3791 459.8062 460.9537 461.5306 461.6487 461.0113 459.8444 459.3238 459.7775 460.8569 462.1837 463.5 464.9881 467.3731 470.36 472.5325 472.8863 472.7669 474.5525 477.0281 479.0038 480.4713 481.4563 481.9962 481.8581 482.3281 483.805 485.2394 486.38 487.6869 489.0162 489.9556 490.8594 492.2225 493.9275 496.0325 498.6425 501.535 504.4169 507.1219 509.8969 512.5425 514.3768 515.5175
430.9106 432.3281 433.9231 436.0606 438.26 439.7606 440.7731 441.6631 442.2969 442.8975 443.5625 444.1981 444.8025 445.4475 446.3712 448.1837 451.1363 453.8745 455.4659 456.7583 458.3125 459.4144 459.55 459.2863 458.8994 458.3006 458.1819 458.9937 460.3431 461.8213 463.2581 464.7762 467.2244 470.1825 472 472.365 472.6975 474.5463 476.99 478.8281 479.9156 480.7487 481.6256 481.8875 482.1275 483.3937 485.2288 487.0044 488.7806 490.3687 491.5675 492.8125 494.0813 495.2563 497.2081 499.9131 502.5587 505.1694 507.8275 510.2975 512.4256 513.5894 513.6719
431.2013 432.3856 433.58 435.1394 437.0787 438.8144 440.0719 440.8937 441.5025 442.3075 443.1638 443.8706 444.4537 445.0819 445.9062 446.9975 448.6406 450.6308 452.4311 454.2296 456.1281 457.3125 457.3112 456.745 456.4681 456.6131 457.2313 458.3444 459.6938 461.395 463.2406 464.8406 466.9956 469.5512 470.8869 471.3556 472.4606 474.6369 476.8312 478.1462 478.9556 479.7894 480.915 481.6169 481.7213 482.8525 485.2638 487.8737 490.1081 491.8025 493.155 494.6237 496.0806 497.1969 498.6544 500.5356 502.5344 505.0038 507.7087 509.7556 511.0612 511.6613 511.18
431.5856 432.7969 433.8831 434.9119 436.1694 437.645 439.0275 440.0306 440.8881 441.8813 442.785 443.4025 443.8188 444.3638 445.1463 445.9781 446.9925 448.381 449.933 451.5959 453.1797 454.1144 454.4431 454.4306 454.595 455.2462 456.3375 457.6737 459.195 461.2169 463.28 464.9631 466.7075 468.3656 469.0463 470.045 472.4031 474.6175 476.0469 477.185 478.2481 479.3863 480.9019 482.0656 482.2563 483.0744 485.3337 488.1325 490.6487 492.3775 493.6131 495.1537 496.8575 498.1025 499.3244 500.7231 502.4987 504.9569 507.3206 508.555 509.0144 509.4512 509.1812
432.0537 433.2694 434.3881 435.4125 436.4144 437.4312 438.4187 439.3394 440.31 441.3544 442.285 442.835 443.0281 443.3825 444.1187 444.8769 445.7037 446.8552 448.0495 449.1527 450.1059 450.8475 451.9856 453.4637 454.585 455.2806 456.1406 457.3669 459.1194 461.2687 463.1363 464.9106 466.455 467.2856 467.6762 469.4194 472.4381 474.2944 475.2619 476.7794 478.6512 480.4475 482.1663 483.4131 483.5906 483.7144 485.0506 487.2863 489.7325 491.6131 492.9062 494.635 496.6212 498.1956 499.6294 501.0056 502.8412 505.0281 506.4969 506.8375 506.9094 507.3463 507.1225
432.2575 433.3794 434.6119 435.885 436.9488 437.7525 438.4388 439.1519 439.92 440.7825 441.6356 442.0875 442.2231 442.6294 443.3506 443.9262 444.4987 445.4435 446.5205 447.5766 448.8947 450.4488 452.3406 454.5169 456.1444 456.9481 457.4844 458.0369 459.2944 461.5575 463.8056 465.3312 466.0094 466.3419 467.3287 469.695 472.4081 474.1744 475.4388 477.2337 479.4587 481.3813 482.9994 484.2619 484.61 484.34 484.6681 485.9806 487.7919 489.5075 491.2112 493.5862 496.1963 498.3719 500.1244 501.5006 503.1481 504.5706 505.0275 504.8625 504.5694 504.44 503.9688
430.8188 432.1906 433.8844 435.5619 436.7762 437.5963 438.4281 439.2919 439.9569 440.5287 441.1063 441.4962 441.8344 442.3488 442.8675 443.1994 443.5331 444.2294 445.4656 447.2897 450.0143 452.6716 454.4894 456.1106 457.4575 458.5312 459.3119 459.7344 460.3519 462.3312 465.1375 466.4325 466.0787 465.8606 467.3937 470.2306 472.6162 474.4275 475.8687 477.5119 479.5094 481.1788 482.8475 484.365 485.0988 484.9375 484.6094 485.1569 486.3794 487.7656 489.6819 492.54 495.7387 498.4319 500.5137 501.8188 502.6894 503.1369 502.83 502.1 501.2538 500.7356 500.6869
428.3138 430.075 432.215 434.2462 435.8094 437.0044 438.0187 438.8875 439.615 440.1663 440.5762 441.085 441.6581 441.9706 442.0369 442.0825 442.1088 442.6071 444.3839 447.3106 451.1858 454.4706 456.2069 457.5056 458.4475 459.2481 460.0919 461.2538 462.1819 463.3438 465.8075 467.5056 467.2981 466.5231 467.7263 470.7 473.0881 474.9081 476.4006 477.8419 479.3838 480.7744 482.4937 484.2631 485.35 485.2469 484.4206 484.5438 485.7081 487.19 489.3181 492.3406 495.6812 498.4794 500.4069 501.1475 501.0781 500.5969 499.6663 498.595 497.8906 498.1144 499.0419
426.8531 428.5569 430.6088 432.5413 434.3538 436.09 437.2037 437.8325 438.5075 439.2306 439.8587 440.5388 441.1794 441.175 440.6075 440.2525 440.0956 440.8733 443.6107 447.4041 451.4846 454.8055 456.7606 458.0344 458.7344 459.2944 460.0663 461.8813 463.9269 465.2469 466.9369 468.4312 468.5775 468.0231 469.2313 471.8481 473.6706 475.1356 476.8556 478.3225 479.3587 480.4463 482.0644 483.8831 485.0469 484.9444 483.9525 483.91 485.3438 487.4494 490.2244 493.4344 496.3981 498.62 499.6663 499.4194 498.4906 497.3031 496.4669 496.1138 496.2563 497.5269 499.185
426.6244 428.1462 429.9962 431.7469 433.4237 434.8837 435.4044 435.4769 436.0013 437.0931 438.3869 439.3431 439.9362 439.7594 438.7875 438.2881 438.6919 440.4538 443.8267 447.6778 451.3397 454.3141 456.3313 457.4556 458.0925 459.1212 460.37 462.35 465.3062 467.715 468.8756 469.5481 469.7538 469.9388 471.5163 473.4181 474.3781 475.2106 476.7275 478.1694 479.1562 480.2194 481.6856 483.3012 484.2869 484.4662 484.0038 484.2225 486.0619 488.9306 492.1288 494.9394 496.9969 498.2787 498.41 497.0931 495.2806 494.4806 494.9156 495.5044 496.3044 498.0675 499.9262
427.445 428.9413 430.5106 431.7213 432.4213 432.6175 432.2337 432.0887 432.7275 434.0419 435.8131 437.0556 437.5506 437.4881 437.1194 437.4419 438.7762 441.1367 444.3467 447.6714 450.7441 453.413 455.5016 456.6231 457.3569 459.0456 461.1406 463.2294 466.2419 469.1081 470.2425 470.7062 470.9244 471.3056 472.6594 473.8712 474.6044 475.4631 476.905 478.2206 478.8781 479.8144 481.4325 483.1494 484.8181 486.0356 486.0706 486.49 488.4619 491.2831 493.8694 495.5863 496.7025 497.3262 496.5519 494.1531 492.5887 493.4475 494.9644 495.7288 496.7044 498.4675 500.1963
429.0194 429.7525 429.9237 429.7256 429.4019 429.3331 429.7244 430.5988 431.4556 432.2238 433.35 434.3269 434.9931 435.6225 436.5019 438.03 439.9262 442.1129 444.8139 447.6303 450.2498 452.757 454.9777 456.2663 457.1688 459.2981 462.015 464.3044 467.1181 469.6737 470.6631 471.1688 471.4081 471.7225 472.7481 473.7194 474.7556 476.045 477.8919 479.435 479.46 479.9912 482.0644 484.3125 486.8662 489.0462 489.4181 489.7263 491.1031 492.8481 494.3419 495.1881 495.6338 495.5981 493.9044 491.4 491.3544 493.5894 495.3531 496.0575 496.9269 498.4444 500.0081
426.7013 423.3456 422.5925 424.145 425.9312 427.7281 429.6725 431.2644 432.0231 432.3962 432.7169 433.21 434.26 435.695 437.3494 439.2519 441.18 443.2537 445.6835 448.1996 450.5823 452.9844 455.2426 456.6719 457.8119 460.1062 462.72 464.9356 467.8094 469.8694 470.2419 470.7475 471.3206 471.805 472.7456 473.8206 475.4131 477.4356 479.635 481.5069 481.9381 482.3681 484.2638 486.6394 488.9656 491.035 491.8881 491.9519 492.3156 493.0963 493.8963 494.1194 493.66 492.6006 490.8006 489.8131 491.2013 493.6475 495.3062 496.0812 496.95 498.3144 499.8194
416.0938 412.1775 415.1762 420.9325 425.4062 428.4825 430.4575 431.6231 432.2162 432.87 433.5544 434.2969 435.4713 437.015 438.7156 440.4419 442.2044 444.3309 446.8519 449.3578 451.471 453.4215 455.5778 457.4529 458.9825 461.0437 463.0919 464.9225 467.6794 469.4644 469.5275 470.1581 470.9456 471.5038 472.8356 474.5788 476.7781 479.4587 481.6581 483.4031 484.7194 485.6294 486.8931 488.6131 490.4088 492.2544 493.1469 492.5162 492.0138 492.3556 492.8019 492.4612 490.8031 488.9444 488.2506 489.1669 491.2588 493.435 494.8475 495.6819 496.7275 498.1263 499.7012
404.9675 410.7319 418.8538 424.1013 427.1731 429.2269 430.4325 431.2181 431.8631 432.735 434.0175 435.3838 436.6462 437.9819 439.4425 441.0075 443.04 445.6469 448.2727 450.4541 452.0299 453.5035 455.6265 458.0107 459.8769 461.655 463.4244 464.9388 467.0956 468.685 469.0225 469.7781 470.445 471.3406 473.745 476.6269 478.9531 480.9012 482.7475 484.3906 485.7306 487.1212 488.5625 489.65 490.7119 492.2294 492.9925 492.0925 491.0294 490.6906 490.32 489.0275 486.7938 485.77 486.9688 488.8956 490.9056 492.8238 494.2125 495.2706 496.4113 497.9862 500.1462
407.2731 417.7244 424.8 427.005 428.1744 429.1794 430.0587 430.9788 432.1762 433.5431 435.0281 436.5463 437.8244 438.89 439.9394 441.48 444.2656 447.5225 449.8155 451.1775 452.266 453.7102 455.6824 457.7662 459.5831 461.2919 463.1762 464.7863 466.4281 467.7994 468.4262 469.235 470.395 472.6069 475.8169 478.8513 480.7737 481.6594 483.1263 484.8706 485.8562 487.1469 488.8669 489.7762 490.0537 490.56 491.16 490.8237 489.4181 487.8863 486.1806 484.1356 482.9844 484.1244 486.6038 488.6369 490.3544 492.0019 493.6475 495.3669 496.8719 498.7531 501.3475
