photogrametria/points_cloud/map_visualization/HightGrid.csv
ncols         160
nrows         353
xllcorner     1000
yllcorner     1000
cellsize      50
NODATA_value  -9999
[rows 140 to 167 of 353, columns 0 to 62 of 160]
350.4181 351.3012 351.9806 353.0494 354.6944 356.3469 357.7281 359.0413 360.595 362.1106 363.1406 363.6025 363.7652 364.4528 365.602 366.7944 368.4862 370.7575 373.1288 375.2475 372.7662 363.3868 357.4137 361.6931 370.5581 379.1113 385.6525 390.0431 393.5194 396.7444 400.0519 403.8712 408.4537 412.9962 416.8756 420.4138 423.7756 426.6644 428.945 430.8975 432.6044 433.9381 435.1444 436.7231 438.475 440.3419 442.8956 446.12 449.7175 453.0481 455.3044 456.73 458.0106 459.2231 460.5431 463.5631 468.1063 471.6956 474.3488 476.94 478.9662 480.2325 480.95
348.8094 349.3269 350.0212 351.3037 353.17 355.1875 356.9269 358.5756 360.4262 361.8581 362.4925 362.2594 362.0638 362.9538 363.7675 364.4544 365.1019 364.5056 363.4456 363.735 361.4261 355.7491 355.9924 364.2156 374.6356 382.6331 386.9263 389.9987 393.3606 396.7981 400.1744 404.0325 408.5237 412.4944 415.7781 419.1781 422.9062 426.5194 429.5544 432.1325 434.1675 435.5006 436.5006 437.6225 438.8188 440.2437 442.3556 445.145 448.0856 450.3875 451.8975 452.9575 453.9106 455.16 457.5469 461.3681 465.0725 467.7469 470.2625 473.0594 475.3831 476.8175 477.855
347.2925 348.1837 349.2669 350.5794 352.2625 354.1812 356.1112 358.1331 360.205 361.7513 362.2475 361.5919 360.6692 360.6402 360.8173 360.7944 359.1469 355.2044 352.3906 352.0625 352.0825 353.2774 359.2806 369.3456 378.8669 384.5394 387.2687 390.0594 393.5513 397.0425 400.6944 404.6281 408.5156 411.9838 414.925 417.8744 421.4581 425.4606 429.4094 433.0694 435.7756 437.345 438.2906 438.9931 439.6869 440.6388 442.1713 444.535 446.805 447.8788 448.5194 449.3962 450.4869 452.0338 455.0912 459.8881 463.89 466.1 467.9906 470.0406 471.93 473.5081 475.01
346.4469 347.8112 349.2288 350.6013 352.125 353.8394 355.7687 357.82 359.7094 361.1644 361.7062 361.3119 359.6715 357.7617 357.4746 356.3112 351.5456 346.7344 345.5259 346.7275 349.6747 356.3037 366.1837 374.9425 380.1869 383.2656 386.0781 389.7762 393.7863 397.2706 400.7787 404.3612 407.8206 411.3806 414.5438 417.2338 420.2694 424.235 428.9075 433.3744 436.7131 438.8087 439.9981 440.5175 440.7306 441.0413 441.8956 443.5519 445.1212 445.7525 446.1256 446.895 448.1075 449.8231 453.2162 458.4662 462.5481 464.4269 465.8563 467.5325 469.3231 471.0075 472.8831
345.86 347.4075 349.0988 350.7831 352.62 354.3662 355.945 357.4388 358.4669 358.9238 359.1913 359.0244 356.6492 353.1978 351.7932 349.2235 344.7089 343.9369 346.575 349.1913 353.1863 361.6781 371.6956 376.88 378.5406 380.8256 384.7513 389.7756 394.1363 397.3081 400.1681 403.1481 406.4931 410.2362 413.6131 416.4256 419.5756 423.8544 428.84 433.4969 437.1625 439.5781 440.875 441.3562 441.3019 441.0944 441.3238 442.2025 443.1406 443.6275 444.0912 445.0587 446.4769 448.5356 452.5844 457.51 460.1094 461.2144 462.8 464.8575 466.9756 469.0031 471.7712
345.3481 346.7812 348.6031 350.9894 353.6119 355.3806 356.3412 356.9731 356.6594 355.1731 352.3947 348.8792 345.8693 343.7515 342.2627 341.4344 343.8035 349.4344 354.2791 356.2881 358.2966 364.0856 370.9925 374.5612 376.4444 379.4475 384.1119 389.3637 393.58 396.6981 399.1988 401.7975 405.0438 408.6725 412.0275 415.0619 418.7444 423.64 428.9537 433.7631 437.4669 439.7456 440.9819 441.5312 441.4463 440.8894 440.5694 440.8219 441.1281 441.3563 442.0562 443.5425 445.395 448.3531 453.6212 457.7644 458.0044 457.8788 459.6212 462.1981 464.9413 468.0356 471.84
344.8969 346.2613 347.9081 350.555 353.4763 355.0306 355.6462 355.8281 354.1737 349.1455 341.3486 336.0915 336.3622 338.5047 340.1474 343.276 349.6564 355.64 358.3687 358.9556 359.3594 362.1569 367.1044 371.64 375.185 378.875 383.3263 387.7631 391.6669 395.2875 398.2075 400.8375 403.9388 407.2162 410.3431 413.4537 417.2575 422.4275 428.0763 433.1363 437.0775 439.3431 440.5413 441.3181 441.2481 440.2731 439.4125 439.0694 438.8406 438.9394 440.0137 442.0869 444.4425 448.3987 454.2225 456.9669 455.5262 454.7331 456.6544 460.2156 464.1269 467.9837 471.7181
344.57 345.9562 347.2369 349.2288 351.3881 352.4169 352.8869 352.4887 348.5713 339.688 332.4306 334.8497 341.6792 345.7914 348.4142 351.4681 354.8613 356.9806 357.3538 357.2931 357.7506 360 364.6356 369.8719 374.3906 378.575 382.6925 386.5437 390.2331 393.9375 397.2475 400.1069 403.01 405.9744 408.9175 412.0819 415.8325 420.8263 426.4213 431.5881 435.8425 438.2687 439.5119 440.3112 440.2112 439.3506 438.0481 436.8737 436.2938 436.3706 437.7731 440.3406 443.1 447.4987 452.8962 454.4607 452.7458 452.4313 454.855 459.1331 463.6244 467.2906 470.575
344.655 345.88 346.7875 347.8869 348.8937 349.4431 348.9544 345.1713 337.5025 330.798 332.5917 342.0343 349.5719 352.3306 353.6713 354.8687 355.8225 356.3019 356.2931 356.2625 356.8806 359.2375 363.8806 369.3306 374.2612 378.5675 382.3575 386.0556 389.7137 393.0912 396.4094 399.4594 402.15 404.9769 408.0794 411.4275 415.155 419.6131 424.5069 429.34 433.6013 436.0562 437.4438 438.77 439.0669 438.2206 436.6588 435.0425 434.0298 434.0553 435.7229 438.4181 441.2538 445.3644 449.9223 451.3698 450.7926 451.6089 454.2844 458.0363 461.9394 465.445 468.7538
344.8825 345.78 346.4294 346.9719 347.375 346.8188 342.6575 335.0713 329.0256 330.59 339.555 347.7037 351.1956 352.4912 353.3669 354.2969 355.1056 355.5094 355.5619 355.6981 356.3006 358.8481 364.0169 369.7338 374.62 378.5081 381.8325 385.4763 389.1494 392.3369 395.48 398.6212 401.4488 404.4125 407.7437 411.2137 414.865 418.4775 422.1519 426.2456 430.3156 433.1663 435.0881 437.315 437.9244 436.0787 434.1888 433.015 432.0571 432.0449 433.4896 435.7956 438.7687 442.4656 445.7146 447.4543 448.876 450.9888 453.5544 456.4544 459.6931 462.9775 465.6925
345.0413 345.6656 346.0331 346.1331 345.2863 340.7806 332.9525 329.2325 332.1444 338.2506 345.1344 349.2842 350.6666 351.5636 352.3838 353.3662 354.2888 354.7087 354.8006 355.1656 355.9275 358.7869 364.5044 370.1981 374.4975 377.8525 381.1688 384.9494 388.425 391.2762 393.9444 396.9213 399.9962 403.0869 406.4269 410.0819 413.8463 416.8019 419.4606 422.905 426.7228 430.1106 432.7366 434.7356 434.7687 432.6556 430.8262 430.0706 429.5698 429.4584 430.2523 432.257 435.9927 439.9527 442.3724 444.4521 447.2511 450.135 452.5531 454.7787 457.3631 460.05 461.97
345.0262 345.5212 345.2775 343.8519 338.7691 329.9438 325.9253 331.7938 339.7831 344.0269 346.9756 348.9529 349.6456 350.4376 351.2974 352.0458 352.6772 353.1641 353.6513 354.3312 355.5175 359.0031 364.9681 370.335 374.0131 376.9469 380.2181 383.8737 387.0781 389.7294 392.1762 394.9862 398.0244 400.9831 404.1569 407.9106 411.6825 414.4688 416.7713 419.5694 422.7206 425.6556 428.2675 430.0131 429.9275 428.5819 427.2408 426.4792 426.2402 426.0893 426.458 428.7108 433.5874 438.6879 441.6807 444.09 447.0413 450.0144 452.2787 453.685 455.1688 457.09 458.8369
343.8231 343.1354 340.6359 336.0273 327.4881 321.7444 327.6406 338.6544 345.1856 347.4213 348.8856 349.778 349.8282 350.0413 350.5554 351.0397 351.3251 351.8381 352.7214 353.5069 355.1512 359.5013 365.3025 369.8862 373.2081 376.0612 378.9711 382.0587 384.9706 387.8019 390.7694 393.7513 396.54 399.3306 402.4675 406.1856 409.9194 412.6881 414.4981 416.1944 418.0441 419.925 422.2928 424.4919 425.18 424.7475 423.6995 422.7565 422.9707 422.9915 423.058 425.8528 431.7691 438.1454 442.1626 444.5525 446.9631 449.5981 451.6675 452.6462 453.4494 454.6412 456.1625
339.2219 334.8446 329.5623 324.0715 319.2291 323.1638 335.1803 344.4862 348.4306 350.1812 351.3169 351.7119 351.6255 351.506 351.4543 351.6508 351.9216 352.3059 352.8826 353.4875 355.7194 360.6381 365.6512 369.1738 372.3144 375.4318 378.2629 380.8274 383.225 385.9513 389.185 392.1619 394.6731 397.3662 400.6206 404.2931 407.825 410.2412 411.2144 411.8944 412.8712 414.1819 416.4075 418.8863 420.2213 420.4731 419.6776 418.6434 419.0445 419.4302 419.9679 423.7196 430.5564 437.3397 441.4808 443.7125 445.5162 447.5438 449.5206 450.7919 451.9094 453.0437 454.2987
329.8506 321.981 317.1884 316.2648 321.2606 331.6544 341.4138 346.6144 348.91 350.5994 352.1375 353.0544 353.575 353.705 353.3594 353.1387 353.1688 353.2744 353.3206 353.8081 356.5787 361.3925 365.5 368.4725 371.5119 374.5193 377.0293 379.2237 381.2456 383.6194 386.82 389.9531 392.3919 394.8156 397.9631 401.29 403.9287 405.4556 405.8781 406.1669 406.9194 408.1825 410.2731 412.7919 414.52 415.1444 414.8509 414.1705 414.5946 415.5473 416.6772 421.2173 429.2495 435.7433 438.8845 441.0031 442.91 444.9169 447.1931 449.0225 450.6219 452.1694 453.5831
320 311.2638 309.3975 315.5069 328.9056 339.1138 343.5156 346.0575 348.0669 350.0438 351.7087 352.9844 354.0537 354.7 354.8813 354.7394 354.3894 354.1356 353.8256 354.1681 356.8506 361.0525 364.5788 367.2775 370.0306 372.4937 374.295 376.1606 378.0831 380.2875 383.7056 387.5725 390.3475 392.4469 395.1069 397.8506 399.7431 400.4919 400.5638 400.9169 401.6038 402.8306 405.0331 407.505 409.3131 410.2175 410.2381 410.4463 412.4006 413.8969 413.5638 417.0969 425.83 432.6212 435.4444 437.7044 440.3644 443.16 445.9556 448.1288 449.7594 451.3375 452.19
313.115 305.7762 307.535 318.8463 334.0088 341.6512 343.5819 345.2437 347.2712 349.3819 351.1481 352.6444 353.9537 355.0656 356.0738 356.5931 356.4481 356.085 355.5438 355.595 357.4556 360.5013 363.3813 365.6675 367.9725 370.05 371.5262 372.9719 374.4394 376.6225 380.3719 384.5063 387.4269 389.5369 391.7919 394.0375 395.805 396.6675 396.8125 397.1244 397.6969 398.8612 401.1987 403.6288 405.3006 406.1837 406.3925 408.1913 412.1925 413.6688 411.4975 412.9419 420.8175 428.7669 433.1737 435.9069 438.7031 441.9869 445.1138 446.9231 447.4119 447.1094 444.23
306.1081 303.0738 308.7994 322.4969 336.1525 341.93 343.4262 344.7669 346.5644 348.58 350.4919 352.2481 353.7662 355.2531 356.8325 357.9956 358.4937 358.4006 357.7356 357.4556 358.3194 359.9819 361.9881 363.8275 365.6856 367.4825 368.9487 370.125 371.1137 373.4206 377.4719 381.1081 383.5512 385.765 388.0612 390.1825 391.8463 392.8844 393.1844 393.2888 393.8712 395.2531 397.4356 399.545 401.3931 403.21 405.1231 408.3981 412.1288 412.5975 409.9806 410.22 416.8125 425.8781 432.1388 435.1688 437.5088 440.5537 443.41 442.9113 438.1837 432.4369 425.0781
299.9756 301.6594 310.8362 326.3844 338.0138 341.7019 342.8556 344.1131 345.7744 347.78 349.755 351.6456 353.2469 354.8594 356.6881 358.1106 359.0756 359.5844 359.325 358.9419 359.0688 359.7231 360.8031 361.8737 362.995 364.3344 365.8106 367.2981 368.7425 371.2669 374.8725 377.7513 379.9656 382.4075 384.9219 387.085 388.4794 389.0812 389.1212 389.2356 390.0663 391.8419 393.8169 395.4294 398.0481 401.9956 405.9969 409.2812 411.3381 410.8606 408.3994 408.2544 414.1769 423.9962 431.1769 434.2231 436.2513 438.5375 440.2406 435.47 421.6487 410.0825 405.7069
300.4331 305.5156 317.26 331.7681 339.3962 341.0994 342.0756 343.3744 345.1613 347.4069 349.5269 351.3756 352.9456 354.5681 356.4594 357.9656 359.0869 360.1875 360.6244 360.2513 359.8375 359.6613 359.66 359.7331 360.0869 361.115 362.715 364.6169 366.7987 369.5 372.4825 375.0394 377.5444 380.4644 383.0312 384.7263 385.5994 385.765 385.6406 385.7963 386.605 388.4325 390.7081 393.2762 397.4969 402.5063 406.2794 408.4931 409.4275 408.585 406.6619 406.7137 412.4506 422.4375 429.5875 431.8962 431.8975 431.0131 429.5775 422.9887 406.2888 394.1194 400.3862
311.0763 317.2288 327.0906 335.5912 338.8756 340.07 341.41 343.1663 345.2656 347.5212 349.5056 351.085 352.5925 354.4113 356.4375 358.2144 359.7625 361.2381 361.9138 361.3938 360.345 359.0994 357.9875 357.3956 357.5413 358.85 360.835 362.685 364.7944 367.5475 370.6131 373.4306 376.2681 379.4575 381.7225 382.565 382.7306 382.605 382.5431 382.7712 383.5906 385.5438 388.62 392.9637 398.4512 403.1706 405.7963 406.9244 406.835 405.5919 404.5725 405.4144 410.9337 420.3494 426.5537 425.63 419.2806 411.3087 404.4806 400.0644 392.0413 386.98 403.3906
324.7213 328.6906 332.9612 335.8506 337.1712 338.5744 340.5181 342.9813 345.2356 347.0013 348.6425 350.1812 351.71 353.695 355.8975 358.0894 360.4481 362.4025 362.9325 361.7988 359.8975 357.9356 356.4194 355.6606 355.7325 357.3213 359.795 361.5725 363.2144 365.8744 369.1481 372.1425 375.1975 378.355 380.1219 380.3106 380.0194 379.6644 379.4869 379.9131 381.3887 384.1738 388.0919 393.1412 398.5237 402.4325 404.19 404.45 403.3263 402.0681 402.8488 405.0006 409.9362 418.2075 421.6169 413.7513 399.1806 385.1606 375.6425 374.6975 377.2631 383.7269 406.8719
329.905 332.0769 333.585 334.6981 335.8006 337.3806 339.5425 342.1406 344.2069 345.4725 346.9581 348.7156 350.4006 352.5419 355.0144 357.5281 360.51 363.1913 363.3475 360.7181 357.7781 355.91 354.9019 354.3912 354.5363 356.1775 358.6613 360.625 362.4544 365.0638 368.2956 371.3406 374.3431 377.2938 378.7606 378.5438 377.8981 377.2731 376.8575 377.5756 379.9669 383.4794 387.9163 393.35 398.0881 400.6144 401.1613 400.2838 398.3231 397.9738 401.1663 404.7838 409.6762 416.6894 414.3213 396.9262 377.0975 365.0413 363.0875 369.6144 378.3644 392.7375 417.5137
328.9069 330.9337 332.6506 334.0338 335.1775 336.6425 338.5644 340.7569 342.6775 344.0375 345.4937 347.3244 349.3719 351.585 353.9019 356.5825 360.0113 362.9619 362.4113 358.4631 354.9106 353.395 352.9781 352.8519 353.4131 355.0237 356.9981 359.3875 362.3081 365.2613 368.2544 371.0394 373.4081 375.7663 377.305 377.0869 375.9838 374.9756 374.6131 375.7469 378.6581 382.41 386.9819 392.6344 396.6862 397.5181 396.5431 394.5069 392.7175 394.5656 399.3781 402.8813 406.59 409.8625 399.9906 376.7231 360.0025 359.8769 373.0631 390.0025 402.6506 416.64 434.0894
327.5256 329.7288 331.7888 333.6075 335.0306 336.5788 338.2825 339.8306 341.42 343.0931 344.675 346.4644 348.8538 351.0556 352.77 355.2425 358.8375 361.5287 360.3119 356.01 352.5725 351.16 350.8781 351.2519 352.1356 353.4025 355.0338 357.8712 361.7994 365.3231 368.0156 370.0944 371.6837 373.5113 375.1944 375.2363 373.9994 372.6487 372.1088 373.3662 376.4644 380.3206 384.5912 389.7975 393.0912 392.3431 390.2038 388.1044 387.7394 392.0413 397.1537 397.8606 396.2919 392.0306 376.9825 357.84 354.92 370.5287 394.1181 415.5988 428.5481 436.8319 444.065
326.9337 329.1162 331.1762 333.3062 335.2062 336.89 338.3144 339.2806 340.4444 342.2213 344.0306 345.9237 348.355 350.4425 351.9494 354.235 357.7156 360.3037 358.6812 354.0044 350.6294 349.2062 348.9456 349.7775 350.9312 352.2181 353.8906 356.6356 360.5325 363.9612 366.3206 368.1394 369.6569 371.3919 372.96 373.1162 372.2031 370.6237 369.48 370.6437 373.7619 377.3781 381.035 385.3275 387.6044 386.0875 383.9681 382.4713 383.2919 388.8206 392.1869 387.0013 378.0963 367.5475 353.6938 347.9156 361.5294 386.5225 411.38 429.5663 438.4525 442.3087 444.9794
327.2256 329.0138 330.6988 332.7044 334.6256 336.07 337.1206 338.16 339.6344 341.5031 343.3844 345.4956 347.7506 349.485 351.2 353.8712 357.4244 359.8356 357.6119 352.1456 348.645 347.5125 347.3569 348.3031 349.8506 351.6156 353.4537 355.8862 358.9944 361.5919 363.5762 365.665 367.6512 369.3875 370.7263 370.8919 370.0731 368.2969 366.945 368.3481 371.57 374.8319 377.6725 380.2969 381.2281 379.8312 378.3356 377.5562 379.26 383.9981 382.5944 369.875 355.2962 345.8906 344.5281 356.1675 378.2613 402.1212 421.5644 433.0269 437.8394 440.4075 442.2787
326.945 328.4631 329.7112 331.1456 332.6519 334.0231 335.2606 336.8931 339.0119 341.015 342.8856 344.8931 346.7012 348.1963 350.0875 353.0713 356.6244 358.4419 355.6162 349.9744 346.6906 345.9525 346.0262 347.0762 348.8 350.6694 352.5594 354.7631 357.0719 358.9731 360.8119 363.14 365.4794 367.2469 368.4094 368.5431 367.5363 365.5525 364.3156 365.9163 369.1275 372.1613 374.1038 374.7894 374.4156 373.1169 372.4525 373.0456 374.4275 374.5719 366.1219 348.7675 335.9037 338.4294 356.2513 379.7581 399.9188 415.59 426.4806 432.2269 435.2513 437.5075 439.1506
