photogrametria/points_cloud/map_visualization/HightGrid.csv
ncols         160
nrows         353
xllcorner     1000
yllcorner     1000
cellsize      50
NODATA_value  -9999
[rows 0 to 27 of 353, columns 0 to 62 of 160]
530.7468 532.1869 534.1719 536.8475 540.0369 542.575 544.3875 545.8087 547.2325 548.9919 550.7969 552.6406 554.6244 556.8187 559.3875 562.43 566.1944 570.0525 572.2225 573.4518 576.3563 580.1387 582.1994 582.7812 583.325 584.3438 585.7131 587.3631 589.4019 591.09 592.2562 593.945 596.6525 599.8019 602.2294 604.3619 607.435 610.5781 613.1069 615.5431 618.0168 619.7506 620.4119 621.2431 623.8019 627.9581 632.075 635.6606 639.2319 642.6487 645.0606 646.165 646.2812 646.0475 646.9969 649.8681 652.9419 654.6769 655.6481 656.075 655.6788 655.61 656.8312
530.4125 531.4369 533.2932 536.1713 540.2869 543.485 544.7838 545.7394 547.2175 549.2756 551.5894 553.5619 555.2325 557.1544 559.76 562.9425 566.3181 569.6312 572.035 573.8787 576.7431 579.6857 581.0475 581.5912 582.4 583.6525 585.0369 586.3756 588.0406 589.7125 591.0587 592.7475 595.0187 598.0675 601.1875 603.9263 607.7219 611.6431 614.2112 616.5225 619.4631 621.7737 622.2181 622.2875 624.325 628.1138 631.6375 634.2675 636.6269 639.3744 641.9644 643.3244 643.1919 642.1194 641.8781 643.885 646.99 649.4881 651.1531 651.4012 650.5212 650.6225 652.17
528.8037 529.8 532.0944 535.3075 540.2325 544.6443 545.9287 546.2156 547.5988 550.1969 553.3475 555.6425 557.2238 559.1931 561.5106 563.8131 565.975 568.3013 571.095 574.2062 577.2481 579.2556 580.1431 581.0856 582.58 584.1281 584.8194 584.8038 585.4813 587.0594 588.9806 591.2062 593.6025 596.5981 599.7338 602.705 607.0144 611.6831 614.6631 617.1212 620.755 623.9219 624.6144 624.3657 625.5175 628.1387 630.8369 633 634.9619 637.0775 639.1537 640.4444 640.0006 638.3606 637.6769 639.1163 642.0656 644.9444 646.7956 647.1763 646.7781 647.5394 649.3206
526.7737 527.9281 530.3268 533.33 537.8738 542.8306 544.9325 545.6638 547.6387 550.6688 553.9556 556.705 559.0125 561.06 562.4919 563.8063 565.2756 566.9562 570.2162 575.1325 578.9369 579.9319 580.0563 581.1013 582.5806 583.6531 583.7769 583.4044 583.6856 584.9756 587.1362 589.8438 592.7307 596.1857 599.8588 603.3594 607.4981 611.5519 614.2043 616.8337 621.1056 624.9331 626.1769 626.38 627.385 629.2906 631.2581 632.775 634.1131 634.9606 635.4738 636.1738 635.8306 634.6487 634.5331 635.9962 638.7281 641.3262 642.7406 643.44 644.2332 645.8588 647.7412
525.0619 526.2519 528.2737 530.5056 533.6719 538.0219 541.7025 544.5975 547.6562 550.8306 553.9257 556.8725 559.3619 560.8956 561.7531 562.8506 564.3513 566.0775 569.1188 574.0044 578.2056 579.6519 580.235 581.1938 581.5138 581.365 581.5131 582.1063 582.9706 584.2606 586.2662 588.9269 592.2719 596.5432 600.9394 604.5181 607.9113 611.21 613.815 616.8494 621.0743 624.52 626.0906 627.22 628.6294 630.0525 631.2737 631.9581 632.1056 631.3825 630.3713 630.2932 630.5569 630.8987 631.7231 633.225 635.6619 638.0044 639.4113 640.6782 642.4444 644.3125 645.9543
523.8013 525.2332 527.2012 529.0281 531.4163 535.3312 540.0306 543.8187 546.7144 550.2081 553.8937 556.2575 557.8369 559.4019 560.5862 561.9325 563.9388 565.9994 568.1231 571.1575 574.7981 577.8319 579.7144 580.1194 579.4944 579.2106 579.8906 581.2413 582.6969 584.2913 586.3762 588.8575 591.6887 595.3456 599.4606 603.0469 607.0319 611.6844 615.4481 618.4981 621.1906 622.5981 623.4537 625.0494 626.995 628.6362 629.3669 628.9075 627.8113 626.5519 625.6562 625.6556 626.5507 627.8025 628.9144 630.5168 633.015 635.4362 637.0625 638.5787 640.6325 642.4144 644.0025
523.4819 525.1925 527.0825 528.9806 531.3931 534.9662 539.0588 541.7725 543.8425 547.5306 551.7618 554.065 555.4188 557.2781 558.9206 560.8969 563.7281 565.9675 567.025 568.34 571.0787 574.495 576.6269 576.9062 576.9537 577.8019 579.3019 581.3094 583.2787 584.96 586.7888 588.8025 590.7081 593.1594 596.7456 601.0168 606.7744 613.2781 617.3231 618.9493 619.5256 619.1212 618.9113 620.0469 622.1943 624.3031 625.0262 624.1387 623.0344 622.7469 622.9475 623.4681 624.5588 625.7031 626.8387 628.7981 631.4506 633.84 635.5287 636.9606 638.7587 640.4775 642.5388
524.0019 525.7206 527.1862 528.9731 531.0869 533.56 536.51 539.295 541.9944 545.3843 548.9387 551.7562 553.67 555.2838 557.1694 559.5725 562.2475 564.0319 564.525 565.0631 567.0856 569.8794 571.7906 573.0625 574.7737 576.8444 579.0231 581.4763 583.65 585.1175 586.3831 587.8006 589.31 591.35 594.9644 600.5681 607.8406 614.435 617.1894 616.9681 615.9238 614.8619 614.4581 615.2419 617.0969 618.8762 619.7594 619.8256 619.9606 620.6638 621.3987 622.3913 623.8007 625.0131 626.3007 628.2775 630.6631 632.75 634.3806 635.91 637.66 639.4275 642.0013
524.8538 526.0594 527.0469 528.4369 530.0287 532.2131 536.0744 540.6631 544.1393 546.7056 548.8275 550.7781 552.4044 553.825 555.925 558.3081 559.9056 560.8025 561.485 562.2406 563.9606 566.4431 568.5906 570.7975 573.625 576.6425 579.3644 581.5831 583.205 584.3488 585.3794 586.5056 587.9794 590.4825 594.7769 600.8469 607.7668 613.405 615.3038 613.9163 611.845 611.1244 611.6706 612.645 614.1244 615.6412 616.7544 617.71 618.7456 619.7125 620.6707 622.3156 624.4131 625.9625 627.1707 628.9882 631.2263 632.9113 634.1138 635.7631 637.8662 639.7794 642.3481
525.5094 525.9662 526.5075 527.5331 529.0912 532.2488 538.0206 543.9406 547.31 548.785 549.6212 550.4069 551.3156 552.5644 554.6281 557.03 558.6219 559.6981 560.8894 561.9694 563.4612 565.605 567.865 570.44 573.8175 577.5294 580.2425 581.7156 582.7938 583.8569 584.9094 585.9794 587.9113 591.7331 596.6475 601.2475 605.7693 609.94 611.5237 610.0488 608.3281 608.6875 610.1594 611.3331 612.6606 614.3431 616.1731 618.0457 619.4994 620.3806 621.2425 622.8762 625.1769 627.0262 628.3237 630.0519 632.1825 633.8269 634.91 636.4612 638.6025 640.5706 642.9369
524.9788 525.2244 525.6744 526.6887 528.5663 532.1981 538.3169 544.5675 547.835 548.4825 548.7668 549.6969 550.6188 551.6869 553.65 556.435 559.4568 562.0481 563.8463 564.8131 565.6506 567.0787 569.0575 571.4656 574.8481 578.6013 580.7869 581.7575 582.835 584.1713 585.75 587.5894 590.6337 595.2288 599.3231 601.8425 604.0531 606.1169 606.8125 606.2263 605.9044 606.8862 608.5256 610.0844 611.7369 613.7662 616.4344 619.0837 620.6387 621.1182 621.3837 622.4894 624.5844 626.6806 628.3125 629.8925 631.725 633.6194 635.2631 636.96 638.9182 640.9256 643.2575
523.2544 523.6225 524.5062 525.83 527.66 530.8325 536.5737 542.9225 545.91 546.1094 546.6462 548.1931 549.6238 551.055 553.41 556.9394 561.3594 565.2775 567.4756 568.2606 568.6512 569.6443 571.2975 573.1075 575.6725 578.8293 581.1156 582.5369 583.9269 585.6619 588.0956 591.1262 594.6356 598.2144 600.5768 601.7693 602.7075 603.1481 603.1381 603.5793 604.5731 605.7144 607.3038 609.5912 611.9781 614.2019 616.5743 618.6381 619.7506 620.0194 620.2056 621.1944 623.0256 625.17 627.2431 629.1125 630.9825 632.9556 634.9569 636.9769 638.8856 640.8225 643.0187
521.2781 521.985 523.55 525.025 526.3262 528.6725 533.7957 539.8231 542.9138 543.6113 544.3219 546.0219 548.2481 550.4375 553.1125 557.1694 562.4688 566.8194 568.8075 569.5469 570.2006 571.26 572.755 574.3481 576.5887 579.5844 582.2637 584.215 585.94 587.9619 590.4619 593.27 596.1838 598.5944 599.4769 599.4144 599.6188 599.945 600.8819 603.1157 605.3582 606.6219 608.0669 610.4463 612.7475 614.2844 615.4456 616.4919 617.3387 617.9394 618.595 619.9832 622.1275 624.4062 626.5887 628.8268 631.125 633.1163 634.8531 636.665 638.3943 640.225 642.3344
520.0469 521.2762 523.0762 524.2231 525.0631 527.0581 531.5744 536.7612 539.9713 541.3312 542.0894 544.0319 547.0112 549.5963 552.0225 555.7781 561.3713 566.1244 568.0125 568.91 570.5662 572.4225 574.1406 576.1663 578.8187 581.6156 583.7481 585.4975 587.2463 589.2156 591.0787 592.2637 593.5431 594.9906 595.3206 595.3337 596.7338 598.6588 601.2932 605.1 607.8713 609.0507 610.0663 611.5013 612.7119 613.2706 613.7787 614.4869 615.3013 616.1362 617.0712 618.9257 621.8219 624.5438 626.5575 628.7288 631.2256 633.0881 634.2156 635.2369 636.46 638.1788 640.4931
519.5825 521.2693 522.6869 523.4144 524.455 526.97 530.8406 534.6038 537.2487 538.7906 540.2075 542.7462 545.8631 548.3975 550.5737 553.6656 558.5944 563.3719 565.6981 567.5181 570.9493 574.41 576.7863 579.1638 581.6725 583.4838 584.65 585.8613 587.0519 588.2869 589.0975 588.6844 588.1887 588.5075 589.5969 592.4256 596.9163 600.6469 603.5887 606.8187 609.1381 610.1782 610.6725 611.2112 611.7512 612.1418 612.8206 613.6412 614.4294 615.1944 616.0419 617.6219 620.0793 622.6063 624.7643 627.2238 629.7325 631.1244 631.3557 631.3681 632.0457 633.7894 636.5994
519.08 520.7725 521.5625 522.2531 524.0287 527.1088 530.2263 532.8719 535.1275 537.1025 539.3731 542.0319 544.6906 546.9988 549.2188 552.0413 556.0056 560.1181 563.5719 567.7687 572.7306 576.8 579.37 581.3262 583.0513 584.1162 584.8369 585.4594 585.78 585.9175 585.4412 584.3006 583.6231 584.005 586.5194 591.9562 597.9006 601.795 604.3606 606.6806 608.3912 609.08 609.2925 609.9006 610.7106 611.2643 612.0438 613.1531 614.0162 614.5669 615.1944 616.2175 617.4844 618.7387 620.4575 623.385 626.2 626.9969 626.4956 626.2581 626.96 628.8844 631.7693
517.9138 519.0037 519.5875 520.8868 523.4775 526.8463 529.7375 532.2194 534.6444 537.1462 539.6556 541.8125 543.7931 545.8256 548.0969 550.75 554.2369 558.5 563.955 570.66 575.9475 578.9512 580.7181 581.8831 582.9 583.7094 584.3044 584.4931 584.2244 583.5531 582.2363 581.045 580.9381 582.0988 585.7556 591.8569 597.2806 600.7175 603.395 605.545 606.8237 607.3256 607.7706 608.7731 609.9088 610.5812 611.3406 612.5438 613.3331 613.6469 614.1044 614.8069 615.3281 615.6737 616.8843 619.6731 622.4181 623.3088 623.303 623.6297 624.6705 626.4944 628.7456
516.1206 517.01 518.3156 520.8062 524.2806 527.7425 530.2444 532.3325 534.8088 537.6238 540.1575 541.9437 543.3663 545.0731 547.2694 549.8525 553.3819 558.5494 565.3287 572.4275 577.495 580.0912 581.3125 581.9506 582.5787 583.095 583.1206 582.8575 582.4681 581.3062 579.3937 578.2781 578.7294 580.5931 584.8775 590.9225 595.7631 598.9981 601.8194 604.0019 605.2938 606.2531 607.2756 608.1656 608.7925 609.495 610.5106 611.4194 611.9213 612.3681 612.8763 613.1894 613.2775 613.8862 615.8812 618.5206 620.3819 621.7112 622.959 623.8868 625.0597 626.6962 628.8656
514.6337 515.5612 517.4875 521.1813 525.5594 528.9587 531.0713 532.645 534.5381 537.0587 539.655 541.5356 542.765 544.2644 546.4713 549.3862 553.2681 558.5938 564.7206 570.4075 575.3869 579.0869 581.005 581.6375 581.6819 581.2381 580.2175 579.5538 579.2762 577.8881 575.97 575.4881 576.9669 580.2338 585.0256 590.1625 593.9944 596.7019 599.3469 601.7306 603.5687 605.0856 606.2019 606.5475 606.4225 606.9363 608.2781 609.3569 609.9269 610.6613 611.6088 611.8969 611.6713 612.7006 615.2787 617.7238 619.0969 620.5088 622.5974 624.5284 626.1211 627.8262 630.3713
513.3475 514.1875 516.1325 520.3969 525.5338 529.1088 531.2969 532.9263 534.43 536.4125 538.6144 540.3638 541.6688 543.2988 545.7056 549.0731 553.0563 557.24 561.7112 566.1006 570.64 575.0044 577.8831 578.8237 578.0525 576.5406 575.2306 574.7988 574.7913 573.6688 572.5919 573.3262 576.1656 581.2244 586.3162 589.7043 592.0194 594.05 596.1806 598.2944 600.2894 601.7932 602.47 602.5281 602.7238 603.8713 605.8088 607.4519 608.26 608.6862 609.4962 610.1294 610.16 611.2831 613.6094 615.9537 617.9675 619.9313 622.5275 625.3494 627.5506 629.4125 632.0894
512.245 513.1719 514.8344 518.5919 523.7656 527.7463 530.2669 532.4056 534.3557 536.0687 537.5494 538.9537 540.4844 542.4969 545.2612 548.6412 551.89 554.8625 558.4562 562.3825 566.1069 569.6 572.065 572.6919 571.77 570.5837 569.975 570.0812 570.3506 569.8818 569.8644 571.8906 575.9481 581.4838 586.1794 588.7075 590.4831 592.3137 593.8494 594.9662 596.0637 597.1156 597.8244 598.4656 599.6325 601.62 603.9275 605.4956 606.11 605.9781 606.0981 607.1956 608.4244 610.0169 612.335 615.0931 617.8912 620.5 623.44 626.525 629.0906 631.1981 634.0144
511.6138 512.4331 513.7244 516.6419 521.2075 525.5388 528.7681 531.485 533.7306 535.0725 536.025 537.36 539.4362 542.1838 544.9238 547.1682 549.1494 551.8519 555.5837 559.3781 562.5762 564.9919 566.0087 565.7075 565.3744 565.4925 565.8619 566.5256 566.8519 566.8781 568.4462 572.1906 576.4931 580.5938 584.28 586.97 589.2156 591.2731 592.3893 592.5025 592.7344 593.6682 594.7975 596.0712 597.6443 599.5744 601.4681 602.3406 602.6669 603.0175 603.6381 605.2313 607.27 609.5275 612.235 615.3444 618.5425 621.5143 624.6237 627.7338 630.5 632.8969 635.6144
511.1306 511.8756 513.2982 516.2275 520.5363 524.7938 528.1744 530.7594 532.6906 533.905 534.7938 536.035 538.5069 541.695 543.5775 544.1537 545.0806 547.4568 551.1825 555.07 558.0856 559.8619 560.0575 559.6625 560.1944 561.4969 562.9075 563.955 564.3 565.1469 568.6088 573.6063 577.1175 579.5513 582.405 585.2325 587.6594 589.4037 589.9875 589.7744 590.1569 591.5432 593.0612 594.535 596.07 597.6419 598.9144 599.3169 599.8325 601.2994 603.01 604.7538 606.7612 609.4144 612.5 615.6469 619.0944 622.6056 625.9163 629.0075 631.8362 634.2463 636.5187
511.0719 512.0069 513.8944 517.3438 521.7587 525.6281 528.0556 529.6119 531.2043 532.6944 533.815 535.1063 537.7162 540.8044 542.0475 541.7706 541.65 542.7288 545.6325 549.4506 552.3287 553.6656 554.1238 554.8387 556.2119 558.035 559.9225 560.8519 561.8169 564.7388 569.2988 573.5619 576.0375 577.9888 580.5231 582.7869 584.4556 585.5594 585.9725 586.13 586.9838 588.7963 590.9725 593.0231 594.8531 596.2307 596.8818 597.385 598.6537 600.7037 602.7594 604.56 606.6175 609.3706 612.4056 615.2888 618.5488 622.2931 626.0625 629.58 632.4769 634.7238 636.7637
511.3406 512.2957 514.4037 518.0469 522.4113 526.0237 527.6544 528.1562 529.3663 531.1525 532.6819 534.5369 537.4594 540.22 541.2737 540.8906 539.8931 539.5363 541.1163 544.2068 547.0544 548.5037 549.4819 551.2131 553.02 554.4744 555.9231 557.3225 560.4069 565.5544 569.8631 572.2644 573.8438 575.8506 578.1331 579.2562 579.6212 580.5112 581.5569 582.3475 583.3088 585.0331 587.8488 590.9975 593.3607 594.45 594.9325 596.0125 597.9194 600.2256 602.5269 604.7413 607.105 609.7012 612.3731 614.975 617.9781 621.735 625.85 629.7 632.6525 634.9175 637.0394
511.9175 512.8287 514.7618 517.79 521.4637 524.65 526.1494 526.6569 527.9794 530.13 531.9487 534.1494 537.2656 539.5294 540.125 539.4481 537.9931 537.2156 538.2881 540.8081 543.4419 545.1544 546.4775 548.3344 550.085 551.1638 552.5187 555.7175 561.3606 567.0662 570.045 570.9294 571.6819 573.1306 574.9425 575.8013 575.8638 576.6288 577.9263 579.0294 580.0463 581.7206 584.8063 588.6644 591.4044 592.5131 593.7294 595.6675 597.7175 600.0994 602.8281 605.5625 608.1512 610.51 612.8325 615.3788 618.525 622.3494 626.2313 629.755 632.815 635.4313 637.6094
513.0031 513.9075 515.2875 517.2119 519.6757 522.0906 523.6781 525.1075 527.2206 529.4337 530.9257 533.0581 536.3881 538.5206 538.5463 537.06 535.2094 534.8331 536.3763 538.9781 541.4113 542.9919 544.2269 545.895 547.9025 549.8344 552.5187 557.09 562.7012 567.0656 568.7913 568.9675 569.1994 569.6325 570.7112 572.1519 573.1412 574.0887 575.0231 575.505 576.32 578.6469 582.2725 586.2618 589.4288 591.5225 593.7537 596.1175 598.0613 600.4819 603.5506 606.3106 608.5856 610.6306 612.9713 615.9562 619.1975 622.4763 625.9869 629.68 633.0294 635.7769 637.7906
513.77 514.6044 515.4681 516.5525 517.9587 519.7594 521.6337 523.6088 526.0612 528.2306 529.6531 532.0737 535.5356 537.4244 536.8856 534.8469 533.0975 533.2106 534.8406 537.3613 539.9138 541.2431 542.2957 544.6337 547.82 551.2325 555.1331 559.2775 562.7506 565.0019 565.9131 566.3475 566.6294 566.3212 566.8663 568.6144 570.1494 571.0594 571.2419 571.11 572.3644 575.8075 579.9219 583.515 586.75 589.885 592.9568 595.3956 597.2075 599.6537 602.7294 605.49 607.7656 609.7094 612.7438 616.8194 619.73 621.7869 625.0781 629.7812 634.0144 636.6418 638.0969
