photogrametria/points_cloud/map_visualization/NewGrid.txt
ncols 220
nrows 450
xllcorner 1125
yllcorner 1125
cellsize 35
NODATA_value  -9999
[rows 378 to 419 of 450, columns 95 to 189 of 220]
130 130 130 130 131 131 131 132 132 132 132 133 133 133 134 134 135 136 136 136 137 138 139 139 140 140 140 140 140 140 140 141 141 142 142 141 141 138 139 138 138 139 139 139 140 140 140 142 142 142 142 143 143 143 144 144 144 145 145 145 145 145 145 146 146 147 147 147 148 148 148 149 149 149 149 150 150 150 150 150 151 151 151 152 152 152 152 153 153 153 153 154 154 155 155
130 129 130 131 130 131 131 131 132 132 133 132 134 135 134 135 135 135 136 137 138 137 139 139 139 139 140 139 140 140 140 140 140 139 140 138 137 138 137 138 139 138 139 140 139 140 141 140 141 142 142 142 142 143 142 143 144 144 144 145 145 145 145 146 145 146 147 146 147 148 148 148 148 149 148 149 150 149 150 151 151 151 151 152 151 152 153 152 153 153 154 154 154 154 154
130 129 130 130 130 131 131 131 132 132 133 133 133 134 134 134 135 135 136 137 138 138 138 139 139 139 139 139 140 140 140 140 140 139 140 138 138 137 137 138 138 139 139 139 139 140 140 140 141 141 142 142 142 143 143 143 144 144 144 144 145 145 145 145 146 146 147 146 147 147 148 148 148 149 148 149 150 149 150 150 151 151 151 152 152 152 152 152 153 153 153 154 153 153 154
129 130 130 130 131 131 131 132 132 132 132 133 133 134 134 135 135 135 136 136 137 138 138 139 139 139 139 139 139 139 139 140 140 140 139 138 138 136 137 137 138 139 139 139 140 140 140 141 141 141 141 142 142 142 143 143 144 144 144 144 144 145 145 145 146 146 146 147 147 147 147 148 148 148 149 149 149 150 150 150 150 151 151 151 152 152 152 153 153 153 153 153 153 154 153
130 129 130 131 130 131 131 131 131 132 133 132 133 135 133 135 136 135 136 137 138 137 138 138 138 139 139 139 139 138 138 138 137 134 138 136 136 134 136 138 138 138 138 139 138 139 139 139 139 140 141 140 141 142 141 142 143 143 143 144 144 144 144 145 144 145 147 145 146 147 147 147 147 148 147 148 149 149 149 150 150 150 151 151 151 151 152 151 152 152 152 152 152 152 152
129 129 130 130 130 130 131 131 131 132 133 132 133 134 134 135 136 135 136 137 137 138 138 138 138 138 138 138 138 138 138 138 137 136 137 136 136 134 136 137 138 138 138 138 138 139 139 139 139 140 141 140 141 142 142 142 143 143 143 144 144 144 144 145 145 145 146 146 146 147 147 147 147 148 147 148 149 149 149 150 150 150 150 151 151 151 152 151 152 152 152 152 152 152 152
129 129 130 130 130 130 131 131 131 132 132 133 133 133 134 135 135 136 136 136 137 138 138 138 138 138 138 138 138 138 138 138 137 137 135 135 135 136 136 137 137 138 138 138 138 139 139 139 139 140 140 140 141 141 142 142 142 143 143 143 144 144 144 144 145 145 146 146 146 147 147 147 147 147 148 148 148 149 149 149 150 150 150 150 151 151 151 152 152 152 152 152 152 152 152
129 129 129 130 130 130 130 131 131 131 131 133 133 133 134 134 135 136 136 136 137 138 138 138 138 138 138 138 138 138 138 138 137 137 134 135 134 136 136 137 137 138 138 138 138 138 138 139 139 139 139 140 140 141 142 142 142 143 143 143 143 144 144 144 145 145 145 146 146 146 146 147 147 147 148 148 148 149 149 149 149 150 150 150 151 151 151 152 151 152 152 151 151 151 151
129 129 129 130 129 130 131 130 131 131 132 132 133 134 133 134 135 135 136 137 137 137 138 137 138 138 137 137 137 137 137 137 136 134 135 134 134 134 134 135 136 136 136 137 137 137 138 137 138 139 140 139 140 141 140 141 142 142 142 143 143 143 144 144 144 144 145 145 145 146 146 146 146 147 146 147 148 147 148 149 149 149 149 150 150 150 151 150 151 151 151 151 151 151 151
129 129 129 129 130 130 130 130 131 131 132 132 132 133 133 134 135 136 136 136 137 137 137 137 137 137 137 137 137 137 137 137 136 135 134 134 133 134 134 135 136 136 136 137 137 137 138 138 138 139 139 139 140 140 141 141 142 142 142 142 143 143 143 144 144 144 145 145 145 145 146 146 146 146 147 147 147 148 148 148 149 149 149 150 150 150 150 151 151 151 151 151 151 151 151
128 129 129 129 130 130 130 131 131 131 131 132 132 132 134 134 134 136 136 136 137 137 137 138 137 137 137 137 137 137 137 136 136 136 133 134 133 134 134 134 135 136 136 136 137 137 137 138 138 138 139 140 140 140 141 141 141 142 142 142 142 143 143 143 144 144 144 145 145 145 145 146 146 146 147 147 147 148 148 148 148 149 149 149 150 150 150 151 151 151 151 151 151 151 151
128 128 129 129 129 129 130 130 130 131 131 131 132 135 132 134 135 135 136 136 137 136 136 136 137 136 136 136 136 136 135 136 134 131 134 132 132 131 132 134 135 134 135 136 135 136 137 136 137 138 139 138 139 140 139 140 141 140 141 141 142 141 142 143 142 143 143 143 143 144 145 144 145 147 145 147 148 147 148 149 149 149 149 150 150 150 150 150 150 150 150 150 151 151 150
128 128 128 129 129 129 130 130 130 131 131 131 132 133 133 134 135 135 136 136 136 136 136 136 136 136 136 136 136 136 135 135 134 133 132 132 132 131 133 133 134 134 135 135 135 136 136 136 137 137 138 138 139 139 139 140 140 140 141 141 141 141 142 142 142 143 143 143 144 144 145 145 145 146 146 147 147 147 148 148 149 149 149 149 150 150 150 150 150 150 150 150 150 151 151
128 128 128 128 129 129 130 130 130 130 131 131 132 132 134 134 135 135 136 135 136 136 136 136 136 136 136 136 136 136 136 135 134 134 131 131 131 132 133 133 134 134 135 135 135 136 136 137 137 137 138 138 139 139 140 140 140 141 141 141 141 141 141 142 142 143 143 143 143 144 144 145 145 145 146 147 147 148 148 148 148 149 149 150 150 150 150 150 150 150 150 150 150 150 151
128 127 128 129 128 129 129 129 130 131 132 131 132 134 132 134 135 134 135 136 135 136 135 135 135 135 134 134 134 133 131 133 131 130 131 131 132 130 132 133 134 133 134 135 134 134 135 135 135 136 138 136 137 138 138 138 140 138 139 140 141 140 141 142 141 142 143 142 143 144 145 144 145 146 145 147 148 147 148 149 149 149 149 149 149 149 149 149 149 150 150 150 151 151 151
128 127 128 128 128 129 129 129 130 131 132 131 132 133 133 134 135 134 135 135 135 135 135 135 135 135 134 134 134 133 132 132 131 131 130 131 132 131 132 133 134 133 134 135 134 135 135 135 136 136 137 137 138 138 138 139 140 139 140 141 141 141 141 142 142 142 143 143 143 144 144 144 145 146 146 146 147 147 148 148 149 149 149 149 149 149 149 149 149 150 150 150 150 151 151
127 128 128 128 128 129 129 129 130 130 131 131 132 132 134 134 134 135 135 135 135 135 135 135 135 134 134 134 134 133 133 132 131 131 130 131 131 132 132 133 133 134 134 134 134 135 135 135 135 136 136 137 137 138 138 139 139 140 140 140 140 141 141 142 142 142 143 143 143 144 144 144 145 145 146 146 147 148 148 148 148 149 149 149 149 149 149 149 149 149 150 150 150 150 151
127 128 128 128 129 129 129 129 130 130 130 132 132 132 133 134 134 135 135 135 135 135 135 135 134 134 134 133 133 133 132 131 131 131 130 131 130 132 132 133 133 134 134 134 135 135 135 135 136 136 136 137 137 138 138 139 139 140 140 140 141 141 142 142 143 143 143 143 144 144 144 145 145 145 146 146 147 148 148 148 148 149 148 149 148 148 148 149 149 149 149 150 150 150 151
127 127 127 128 128 128 129 128 129 130 131 131 131 132 132 132 133 133 133 134 134 134 134 134 134 134 133 133 133 131 130 131 130 130 129 130 131 131 132 133 133 133 134 135 134 135 136 135 136 137 138 137 138 139 138 139 140 140 141 141 141 141 141 142 141 142 143 143 143 144 144 144 145 145 145 146 147 146 147 147 148 147 148 148 148 148 149 148 149 150 150 150 149 149 150
127 127 127 128 128 128 129 129 129 130 130 131 131 132 132 132 133 133 133 134 134 134 134 134 134 134 133 133 132 131 130 130 130 130 130 130 131 131 132 132 133 133 133 134 134 135 136 136 136 137 137 138 138 138 139 139 140 140 140 141 141 141 141 141 142 142 143 143 143 143 144 144 144 145 145 146 146 146 147 147 147 147 148 148 147 148 148 148 149 149 149 150 149 149 150
126 127 127 127 128 128 128 129 130 130 130 131 131 131 132 132 132 133 133 133 134 134 134 134 134 133 133 132 132 132 132 130 130 129 130 130 130 131 132 132 132 133 133 134 135 135 135 136 137 137 137 138 138 138 140 140 140 141 141 141 141 141 141 141 142 142 142 143 143 143 143 144 144 145 145 146 146 147 147 147 147 147 147 148 148 148 148 149 149 149 149 150 149 150 148
127 126 127 127 127 127 128 127 128 129 130 129 130 131 130 131 131 131 131 133 133 132 133 133 133 133 132 133 131 129 128 129 129 130 128 130 131 130 131 132 133 132 133 134 133 134 135 135 136 137 137 137 137 138 138 138 139 138 139 139 140 139 140 141 140 141 141 141 141 143 144 143 144 144 144 145 145 145 145 146 147 146 147 148 147 148 149 149 149 150 149 150 148 148 149
126 126 127 127 127 127 127 128 128 128 129 129 130 130 130 131 131 131 132 132 133 133 133 133 133 133 132 132 131 130 129 129 129 129 129 130 131 131 131 132 132 132 133 134 134 134 135 135 136 136 137 137 137 137 138 138 139 138 139 139 140 139 140 140 140 141 141 141 142 143 144 143 144 144 145 145 145 146 146 146 147 147 147 148 148 148 149 149 149 149 149 149 149 148 148
126 126 126 127 127 127 127 128 128 128 129 129 129 130 130 130 131 131 132 132 132 133 133 133 133 133 132 131 130 130 129 128 128 128 130 130 130 131 132 132 132 133 133 133 134 134 134 135 136 136 136 137 137 137 137 138 138 138 138 139 139 139 140 140 140 140 141 141 142 142 142 143 144 144 144 145 145 145 145 146 146 147 147 147 148 148 149 149 149 149 149 149 149 148 147
126 126 126 126 126 126 126 126 126 127 128 127 128 129 128 129 130 129 130 132 132 131 132 132 132 132 131 132 130 128 128 129 128 129 128 129 130 129 130 131 132 131 132 133 132 133 134 133 134 135 135 135 135 136 136 136 137 136 137 138 139 138 139 140 140 141 142 141 142 144 145 143 145 146 145 146 146 146 146 147 148 147 148 149 148 149 150 149 149 148 147 148 147 147 147
126 126 126 126 126 126 126 126 126 127 128 127 128 129 129 129 130 130 130 131 132 131 132 131 132 131 130 131 130 129 128 128 128 128 129 129 130 129 130 131 131 131 132 133 132 133 134 134 134 134 135 135 135 136 136 136 137 137 137 138 139 138 139 140 139 140 142 141 142 143 144 144 145 146 145 146 146 146 146 147 147 147 148 148 148 149 149 149 149 148 148 148 148 147 147
126 126 126 126 126 126 126 126 126 127 127 128 128 128 129 129 129 130 130 131 131 132 132 132 131 131 131 130 129 129 128 128 128 128 129 129 130 130 130 131 131 131 132 132 133 133 133 134 134 134 134 135 135 135 136 136 136 137 137 138 138 139 139 139 140 141 141 142 142 143 143 144 145 145 146 146 146 146 147 147 147 148 148 148 149 149 149 150 149 149 148 148 147 147 147
126 126 126 126 126 126 126 126 126 126 127 128 128 128 129 129 129 130 130 130 131 131 131 131 131 131 131 129 129 129 128 128 128 128 128 129 129 130 130 130 130 131 131 131 133 133 133 134 134 134 134 135 135 135 136 136 136 137 137 137 137 138 138 139 140 140 140 142 142 143 143 144 144 145 146 146 146 147 147 147 147 148 148 148 149 149 149 149 148 148 148 147 147 147 147
125 125 125 125 125 125 126 125 126 126 127 127 127 128 127 128 128 128 129 129 129 129 129 129 129 128 128 128 127 127 127 126 127 129 127 129 130 129 130 131 131 131 131 132 132 132 133 133 133 134 134 134 135 135 135 136 137 136 137 138 138 138 138 139 139 140 141 140 141 142 143 143 144 145 144 146 146 146 146 147 147 147 148 148 148 148 148 149 148 148 147 147 147 147 147
125 125 125 125 125 125 126 126 126 126 127 127 127 127 128 128 128 128 129 129 129 129 129 129 128 128 128 127 127 127 127 127 127 128 128 128 129 130 130 130 131 131 131 132 132 132 133 133 133 133 134 134 135 135 135 136 137 136 137 137 138 138 138 139 139 140 140 141 142 142 143 143 144 145 145 146 146 146 147 147 147 147 148 148 148 148 148 148 148 147 147 147 147 147 147
125 125 125 125 125 125 125 126 126 126 126 127 127 127 128 128 128 128 128 128 128 129 129 129 128 128 128 127 126 126 126 126 126 127 129 129 129 130 130 130 131 131 131 131 132 132 132 133 133 133 134 134 134 134 135 136 136 137 137 137 137 138 138 138 139 140 140 141 141 142 142 143 143 144 145 145 146 146 146 147 147 147 147 147 148 148 148 147 148 147 147 147 147 147 147
124 124 124 125 124 125 126 125 126 126 127 126 127 126 127 127 126 126 127 126 124 126 125 125 124 124 126 124 125 127 127 126 127 128 128 128 129 129 130 131 131 131 132 132 132 132 133 133 133 134 134 134 135 137 135 137 139 138 139 140 140 140 141 141 141 141 142 141 142 142 143 142 143 144 143 145 145 145 146 146 147 146 147 148 147 148 147 148 147 147 147 147 147 147 147
124 124 124 125 125 125 125 126 126 126 126 126 126 126 126 126 126 126 126 126 125 126 125 126 125 125 126 125 126 126 127 127 127 128 128 129 129 129 130 130 131 131 132 132 132 133 133 133 133 134 134 134 135 137 136 138 139 139 140 140 140 141 141 141 141 141 141 142 142 142 143 143 143 144 144 145 145 145 146 146 146 146 147 147 147 148 148 148 147 147 147 147 147 147 147
124 124 124 124 125 125 125 126 126 126 126 126 126 126 126 126 126 126 126 126 126 124 125 124 124 124 124 125 126 126 126 127 127 128 128 128 129 129 130 130 130 131 131 132 132 133 133 133 133 134 134 134 135 135 137 138 138 140 140 141 141 141 141 141 142 142 142 142 142 142 142 143 143 143 144 145 145 146 146 146 146 147 147 147 147 147 148 147 147 147 147 147 147 147 147
124 124 124 125 124 125 125 125 125 125 125 125 125 125 125 125 125 125 125 124 124 124 124 126 124 125 126 126 126 127 128 127 128 129 128 129 130 129 130 131 132 131 132 134 132 133 134 134 134 136 137 136 138 141 138 141 143 142 143 143 143 143 144 144 144 144 143 144 144 144 144 144 145 145 145 145 145 145 145 145 145 145 146 148 145 147 147 148 148 147 147 147 147 147 147
124 124 124 125 124 125 125 125 125 125 125 125 125 125 125 125 125 125 124 123 124 123 124 125 124 125 126 126 126 127 127 127 128 128 128 129 130 129 130 131 132 131 132 133 133 134 135 134 135 136 138 137 139 141 140 142 142 143 143 143 144 143 144 144 144 144 144 144 144 144 144 144 144 145 145 145 145 146 145 145 145 145 146 147 146 147 147 148 148 147 147 147 147 147 147
124 124 124 124 125 125 125 125 125 125 125 125 124 125 124 124 124 125 124 124 124 123 124 124 125 125 126 126 126 127 127 127 128 128 129 129 129 130 130 131 131 132 132 133 133 134 134 135 135 136 136 137 138 139 141 142 142 143 143 143 143 144 144 144 144 144 144 144 144 144 144 144 144 145 145 145 145 145 145 145 145 145 145 145 147 147 148 147 148 147 147 147 147 147 147
124 124 124 124 125 125 125 125 124 125 124 124 124 124 124 124 124 124 123 124 123 123 123 123 125 125 126 126 126 126 127 128 128 128 129 129 129 130 130 130 131 132 132 133 134 134 135 136 137 137 137 140 140 140 143 143 143 144 144 144 144 144 144 145 145 145 145 144 144 144 144 144 145 145 146 146 146 145 145 145 145 144 145 144 147 147 148 147 147 147 147 147 147 147 147
124 124 124 125 124 125 125 125 124 124 123 124 123 122 123 122 120 122 120 121 123 121 123 125 124 125 126 126 126 127 127 127 128 129 128 129 130 129 130 132 133 132 133 135 134 135 137 135 137 139 141 140 141 143 142 143 144 144 144 145 145 145 145 146 146 145 145 145 145 145 145 145 145 145 145 146 145 146 145 144 144 144 145 146 145 147 149 147 149 149 149 149 149 149 149
124 124 124 124 124 125 125 124 124 124 123 124 122 121 122 121 121 120 120 122 122 122 123 124 125 125 126 126 126 126 127 127 127 128 128 129 129 130 130 131 132 132 133 134 134 135 136 137 138 139 140 140 141 142 143 144 144 144 145 145 145 145 146 146 146 145 145 145 145 145 144 145 145 145 145 146 145 145 145 144 144 144 144 145 146 147 148 148 148 149 149 149 149 149 149
124 124 124 124 125 124 125 124 124 124 124 123 123 123 121 121 121 119 119 120 120 123 122 124 125 125 125 126 126 126 127 127 127 127 129 129 129 130 131 131 131 133 133 133 135 135 136 138 138 138 139 141 141 142 143 143 144 144 145 145 145 146 146 146 146 146 146 145 145 145 145 145 145 145 146 146 146 145 144 145 143 144 144 145 147 147 147 149 149 149 149 149 149 149 150
123 123 123 124 123 123 123 124 123 122 117 122 115 111 116 113 118 110 117 122 124 122 124 125 124 125 126 125 126 126 127 126 127 129 128 129 130 129 130 132 133 132 134 136 134 136 138 137 138 140 142 140 143 145 143 145 146 145 146 146 146 146 146 146 146 146 146 146 146 145 145 145 145 145 145 145 144 145 144 143 144 143 144 146 144 147 149 147 149 150 150 150 150 150 150
