photogrametria/points_cloud/map_visualization/NewGrid.txt
ncols 220
nrows 450
xllcorner 1125
yllcorner 1125
cellsize 35
NODATA_value  -9999
[rows 42 to 83 of 450, columns 0 to 94 of 220]
158 157 158 157 156 157 156 158 160 158 160 162 161 162 163 163 163 163 163 163 163 162 163 162 162 162 162 163 165 163 165 168 165 168 171 172 171 172 172 172 172 171 172 171 172 172 171 172 173 172 173 172 173 173 173 174 172 174 176 174 177 181 177 180 184 185 184 185 185 185 186 186 186 186 188 191 188 191 194 191 194 197 194 197 200 202 200 202 203 202 203 203 203 203 205
157 156 157 156 156 157 156 157 159 158 160 161 161 162 162 163 162 163 162 163 162 162 162 162 162 162 162 163 164 163 165 167 166 168 170 171 170 171 172 172 172 171 171 171 171 171 171 171 172 172 172 172 172 172 173 173 172 174 176 175 177 180 178 181 183 185 184 185 186 185 186 186 186 187 188 190 189 191 193 192 194 196 196 198 199 200 200 201 202 201 202 203 202 203 205
157 157 156 156 156 156 156 157 157 159 160 160 161 162 162 163 162 162 162 163 162 162 162 162 162 162 162 162 163 164 165 166 167 168 169 170 171 171 172 171 171 171 171 171 171 171 171 171 171 172 172 172 172 172 172 172 173 173 174 176 177 178 180 181 182 184 184 185 185 185 186 186 186 187 187 188 190 190 191 193 194 195 197 198 198 199 200 201 201 202 202 202 202 203 204
157 157 155 155 155 155 156 156 156 159 159 159 161 161 162 162 162 162 162 162 162 162 161 161 161 161 161 162 162 164 165 165 167 168 168 169 170 170 171 171 171 171 170 170 170 170 171 171 171 171 171 171 171 171 171 171 173 173 173 176 176 177 181 181 182 183 185 185 185 186 186 186 187 187 187 188 190 190 191 193 194 194 196 197 197 198 199 199 200 201 201 201 202 202 203
153 153 153 153 154 155 154 155 157 156 157 159 158 159 161 161 161 161 160 161 160 159 160 159 159 160 159 161 162 161 163 165 164 166 168 169 168 169 169 169 169 169 169 169 169 169 169 169 168 169 169 169 168 169 171 174 171 174 177 175 178 180 179 181 182 184 183 185 186 185 186 187 187 188 189 190 189 191 193 192 193 195 194 195 196 197 197 198 199 198 200 201 200 202 203
153 153 152 153 153 154 154 155 156 157 157 158 159 159 160 160 161 161 160 160 160 159 159 159 159 160 160 160 161 162 163 164 165 166 167 168 169 169 169 169 169 169 169 169 169 169 169 169 169 169 168 169 168 169 170 172 172 174 176 176 178 179 180 181 182 183 184 184 185 186 186 187 187 188 188 189 190 191 192 192 193 194 195 195 196 196 197 197 198 199 199 200 201 202 203
152 152 152 152 152 153 154 154 155 157 157 157 159 159 159 160 160 160 161 159 159 159 158 158 158 159 159 160 160 162 163 163 166 166 166 167 169 169 169 168 168 168 168 169 169 169 169 169 168 168 168 168 168 169 169 169 173 173 175 178 178 179 181 181 181 182 184 184 184 186 186 187 188 188 188 189 190 191 191 193 193 193 195 195 195 196 197 197 197 199 199 200 202 202 202
150 150 150 150 152 153 152 154 155 154 156 157 156 157 158 158 158 158 157 158 157 157 157 157 159 161 159 161 163 161 163 165 163 165 166 167 167 166 166 167 166 166 166 166 167 167 167 166 166 166 166 167 166 167 170 174 170 175 178 176 179 180 179 181 182 183 182 183 184 183 185 186 185 186 188 189 188 190 192 190 192 194 192 194 195 196 195 196 198 196 198 201 199 201 204
150 150 150 150 151 152 152 153 155 155 156 156 156 157 157 158 158 158 158 157 157 157 157 157 159 160 159 161 162 162 163 164 165 165 166 166 166 166 166 166 166 166 166 166 167 167 167 166 166 166 166 167 166 168 170 172 172 174 177 177 178 179 180 180 181 182 182 183 184 184 184 185 185 186 187 189 188 190 191 191 192 193 193 194 194 195 195 196 197 197 198 200 200 201 203
150 149 149 150 150 151 153 153 154 155 155 156 157 157 157 157 157 157 157 157 157 157 157 158 158 159 160 161 161 163 163 163 165 165 166 166 166 166 166 165 165 165 166 166 166 167 166 166 166 166 166 166 167 168 168 169 173 174 175 178 178 179 180 181 181 181 182 183 183 184 184 185 185 186 186 187 189 189 190 191 192 192 193 194 194 194 195 196 196 198 198 199 201 202 202
148 148 148 148 150 153 150 153 155 153 155 156 155 156 156 156 156 156 156 156 156 157 156 157 160 162 160 163 164 163 164 164 164 164 164 163 164 163 163 163 163 165 163 164 165 164 165 164 164 164 165 168 164 168 172 175 172 175 176 175 177 178 177 178 180 181 180 181 183 181 183 185 183 185 188 189 187 190 191 190 191 193 192 193 194 196 194 196 198 196 198 201 198 200 203
148 148 148 148 150 152 151 153 154 154 155 155 155 155 156 155 156 156 156 155 156 157 156 158 160 161 161 162 163 163 163 164 164 164 163 163 164 163 163 163 163 164 163 164 165 164 165 164 164 164 164 167 165 168 171 172 172 174 175 175 176 177 177 178 179 180 180 181 182 181 183 184 183 185 187 189 188 189 191 190 191 192 192 193 194 195 195 196 197 196 198 200 199 201 202
148 148 148 149 149 150 152 152 153 154 155 155 155 155 155 156 155 156 156 155 156 157 157 159 159 160 162 162 163 163 164 164 164 164 164 163 163 163 163 162 163 163 164 164 164 165 164 164 164 164 164 165 167 169 170 171 173 174 175 176 176 177 177 178 178 179 180 180 181 182 183 183 185 185 186 187 189 189 190 191 191 192 193 193 194 194 195 196 196 197 198 199 200 201 202
147 147 148 149 149 150 152 152 153 154 154 154 155 155 155 155 155 155 155 156 156 156 158 159 159 160 162 162 163 163 163 164 164 163 163 163 162 162 162 162 162 162 164 164 164 164 163 163 163 163 164 164 168 169 169 171 173 174 174 175 175 175 177 177 177 178 180 180 180 182 182 183 185 186 186 187 189 189 190 191 191 191 193 193 193 194 195 195 196 197 198 198 201 201 201
147 148 147 148 151 152 151 152 153 153 153 154 153 154 154 154 154 155 157 155 157 159 158 159 160 161 161 162 162 162 162 162 162 162 161 161 161 161 161 160 161 162 161 162 161 161 162 162 163 161 163 166 164 167 169 171 170 171 173 172 174 176 174 176 178 179 178 180 182 180 182 184 183 185 187 188 187 189 191 189 191 192 191 193 195 196 195 196 198 197 198 200 199 200 201
147 147 148 149 150 151 152 152 153 153 153 153 154 154 154 154 154 155 155 156 157 158 159 160 160 161 161 162 162 162 162 162 162 162 161 161 160 160 160 161 161 161 162 162 162 162 161 162 162 162 163 164 166 167 168 170 170 171 173 172 174 174 175 176 177 178 179 180 180 181 182 183 184 185 186 187 188 189 190 190 191 192 192 193 194 195 195 196 197 198 198 199 200 200 201
146 146 149 149 150 151 152 152 152 153 153 153 154 154 154 154 154 154 154 157 157 158 160 160 160 161 161 161 162 162 162 162 161 161 161 160 160 160 160 161 161 161 161 161 161 161 161 161 161 162 163 163 166 167 167 168 170 170 171 173 173 173 176 176 176 177 179 179 180 182 182 183 184 185 185 186 188 188 189 191 191 191 193 193 194 194 196 196 196 198 198 199 200 200 200
146 148 145 148 151 152 151 152 152 152 152 152 152 152 153 153 153 154 156 154 156 158 157 159 160 161 160 161 161 161 161 160 161 160 159 159 159 159 159 159 159 160 160 160 161 161 161 161 163 162 163 165 163 166 168 169 168 170 172 170 172 174 173 175 177 179 177 179 180 179 181 183 181 183 186 187 186 188 190 188 190 192 190 192 194 196 194 197 198 197 198 199 198 199 200
145 147 147 148 150 151 151 151 151 152 152 152 152 152 153 153 153 154 155 155 156 157 158 159 160 160 160 161 161 161 161 160 160 160 159 159 159 159 159 159 160 160 160 160 161 162 161 162 162 163 163 164 165 166 167 168 168 169 171 171 172 173 173 175 176 177 177 178 179 180 181 182 181 183 185 186 186 188 189 189 190 191 191 192 194 195 195 196 197 197 198 198 198 199 199
145 146 148 149 149 151 151 151 152 152 152 152 152 152 152 153 153 153 153 156 156 157 158 159 159 160 160 161 161 161 161 161 159 159 159 159 159 159 159 159 159 160 160 160 160 161 161 162 162 163 163 163 166 166 166 167 169 169 170 172 172 173 174 175 175 176 178 178 179 180 180 181 183 183 184 185 187 187 188 189 190 190 192 192 193 194 196 196 196 198 198 198 199 199 199
145 147 145 147 150 151 150 151 150 151 151 151 151 151 152 152 152 153 155 153 155 157 155 157 159 160 159 160 159 160 159 158 159 158 158 159 158 159 159 159 160 161 160 161 163 164 163 164 164 164 164 165 164 165 166 168 166 168 170 168 171 173 171 173 175 176 175 176 178 176 178 182 178 181 185 187 185 187 189 188 190 191 190 191 193 195 193 195 196 195 196 197 196 197 199
145 146 146 147 149 150 149 150 150 150 150 151 151 151 152 152 152 153 154 153 155 156 156 157 158 159 159 159 159 159 159 158 158 158 158 159 158 159 159 159 160 161 160 161 162 163 163 164 164 164 164 164 165 165 166 167 167 168 169 169 170 172 171 172 174 175 175 176 178 177 178 180 180 182 184 186 185 187 189 188 189 191 190 192 193 194 194 194 195 195 196 197 196 197 198
144 145 147 148 148 149 150 150 151 150 150 151 151 151 151 152 152 152 153 154 155 155 156 157 157 158 159 159 159 159 159 159 158 158 158 158 158 159 159 159 160 160 161 162 162 163 163 164 164 164 164 165 165 165 166 166 167 168 168 170 170 171 172 173 173 174 175 176 176 177 178 179 181 182 183 185 186 187 188 189 189 190 191 192 192 193 194 194 195 195 196 196 197 197 198
144 144 146 147 147 148 150 150 150 150 150 150 151 151 151 151 152 152 152 155 155 155 157 157 157 158 159 159 159 158 158 158 157 158 157 158 159 159 159 160 160 160 162 162 162 163 164 164 164 165 165 165 165 165 165 165 167 167 168 169 170 170 172 172 172 173 175 175 175 177 178 178 181 182 182 184 186 187 187 189 189 190 192 192 192 193 194 194 194 195 195 195 197 197 198
143 144 144 144 146 148 146 148 149 148 149 150 150 150 151 152 151 153 154 153 155 156 156 157 157 157 157 157 157 157 157 157 157 157 158 159 158 159 160 159 160 161 160 161 163 165 163 165 165 165 165 166 166 166 166 167 167 168 169 168 169 171 170 171 173 175 174 175 178 176 178 181 179 181 184 185 184 186 188 187 189 190 189 191 192 192 192 193 193 193 194 195 194 196 198
143 143 144 145 145 147 147 148 149 149 149 150 150 150 151 152 151 152 153 154 155 156 156 157 157 157 157 157 157 157 157 157 157 157 158 158 158 159 159 160 160 161 161 162 163 164 164 165 165 165 165 166 166 166 166 166 167 167 168 169 169 170 171 172 172 174 174 175 176 177 178 179 180 182 183 184 185 186 187 187 189 189 190 191 191 192 192 192 193 193 194 194 195 196 197
143 143 144 144 144 145 147 147 148 149 149 149 150 150 150 151 152 152 152 155 155 155 157 157 157 157 157 157 157 157 157 157 157 157 158 158 159 159 159 160 160 160 161 162 162 163 165 165 165 166 166 166 166 166 166 166 167 167 167 169 169 170 171 172 172 173 175 175 175 178 178 179 181 182 182 183 185 185 186 188 188 189 191 191 191 192 192 192 192 193 193 193 195 196 196
142 142 142 143 145 147 145 147 148 147 148 149 148 149 151 153 151 154 155 154 155 156 156 156 156 155 156 156 156 155 156 157 156 157 158 158 158 158 159 159 160 162 159 162 164 165 164 165 166 166 166 166 166 166 167 168 167 168 170 168 170 172 170 172 173 175 173 175 177 176 178 180 178 180 182 184 182 185 187 185 187 189 188 189 190 190 190 191 192 191 192 194 192 194 196
141 142 142 143 144 145 145 146 147 148 148 148 148 149 151 152 152 153 154 155 155 155 156 156 156 156 155 156 156 156 156 156 156 157 157 158 158 158 159 159 160 161 160 162 163 164 165 165 166 166 166 166 166 166 167 167 167 168 169 169 170 170 171 172 172 174 174 175 176 176 178 179 179 180 182 183 183 184 186 186 187 188 188 189 189 190 190 190 191 191 192 193 193 194 195
141 141 142 143 143 144 146 146 147 148 148 148 149 149 150 150 153 153 154 155 155 155 156 156 156 156 155 155 155 156 156 156 157 157 157 157 158 158 158 159 159 160 162 162 163 164 165 165 166 166 166 166 166 166 166 167 167 168 168 169 170 170 172 172 172 173 174 175 175 177 178 178 179 180 181 181 183 184 185 187 187 187 188 189 189 189 190 190 190 191 192 192 194 194 195
140 141 140 141 144 146 144 146 146 146 146 148 146 148 151 153 151 153 154 153 154 154 154 154 154 155 154 155 155 155 155 156 155 156 157 157 157 158 159 157 159 162 159 162 164 165 164 165 165 165 165 166 165 166 166 167 166 167 168 167 168 170 169 170 172 174 171 174 176 174 176 179 177 179 182 184 182 184 187 184 187 188 187 188 189 189 189 190 191 190 191 192 191 192 194
140 141 140 141 143 144 144 145 146 146 146 148 146 148 150 152 152 153 154 153 154 154 154 154 154 154 154 154 155 155 155 155 155 156 156 157 156 157 159 158 159 161 160 162 164 164 164 165 165 165 165 166 165 166 166 166 166 166 167 167 168 169 168 170 171 172 172 173 175 174 176 178 177 179 181 183 182 184 185 185 186 187 187 188 188 189 189 189 190 190 190 191 191 192 193
140 140 141 142 142 143 145 145 146 145 146 147 147 149 149 151 152 153 153 154 154 154 154 154 154 154 154 154 154 155 155 155 156 156 156 156 157 157 158 158 159 160 162 163 163 164 165 165 165 165 165 165 165 166 166 166 166 166 167 168 168 169 169 170 170 171 172 173 174 175 176 177 178 179 180 181 183 184 185 186 186 187 188 188 188 188 189 189 189 190 190 191 192 192 193
140 140 141 141 141 142 144 144 145 145 146 145 149 149 149 151 152 152 153 153 153 153 153 153 153 153 154 154 154 155 155 155 155 155 155 156 156 157 157 159 159 159 162 163 163 164 164 165 165 165 165 165 165 166 166 166 166 166 166 167 167 167 169 169 170 170 172 172 173 175 175 176 178 179 179 181 183 184 184 186 186 186 188 188 188 188 189 189 189 190 190 190 191 192 192
139 139 139 140 141 142 141 142 144 142 144 147 145 148 150 151 150 152 152 152 152 151 152 152 152 152 152 152 153 152 153 154 153 154 155 156 155 156 158 157 159 161 159 161 163 163 163 164 163 164 164 164 164 164 164 164 164 164 166 164 166 168 167 168 170 172 171 172 174 173 175 177 175 178 181 182 181 183 185 184 185 186 185 187 187 188 188 188 189 188 189 191 189 191 193
139 139 139 140 140 141 142 142 143 143 144 145 147 148 149 150 151 151 152 152 152 152 152 152 151 152 152 152 153 153 153 154 153 154 155 155 155 156 157 158 158 159 161 162 162 163 163 163 163 164 163 163 164 164 164 164 164 164 165 165 166 167 168 169 170 171 171 172 173 173 175 176 177 178 180 181 182 183 184 184 185 186 186 187 187 187 188 188 188 188 189 190 190 191 192
139 139 139 140 140 140 141 142 142 144 144 144 148 148 149 150 151 151 151 152 152 152 151 151 151 151 152 152 152 152 153 153 154 154 154 154 156 156 156 158 158 159 161 162 162 163 163 163 163 163 163 163 163 163 163 163 163 164 164 166 166 166 168 169 169 170 171 172 172 174 174 175 178 179 179 180 182 182 183 185 185 185 186 187 187 187 188 188 188 188 189 189 191 192 192
137 138 137 138 139 139 139 140 142 140 142 145 143 146 148 150 148 150 151 150 150 150 150 150 150 150 150 150 151 150 152 153 152 153 154 155 154 155 157 156 157 159 158 160 161 161 161 161 161 161 161 161 161 161 162 163 162 164 166 164 166 169 166 169 171 172 172 173 174 173 174 176 175 177 179 182 179 182 184 182 184 185 184 185 186 186 186 186 187 186 188 190 188 190 192
137 137 137 138 138 139 139 140 141 141 142 144 144 146 147 149 148 150 150 150 150 150 150 150 150 150 150 150 151 151 152 152 152 153 154 154 155 155 156 156 157 158 158 159 160 161 161 161 161 161 161 161 161 161 162 163 163 164 165 165 166 168 168 169 171 171 172 172 173 173 174 175 176 177 179 180 180 182 183 183 184 184 185 185 186 186 186 186 187 187 188 189 189 190 191
137 137 137 138 138 139 139 139 139 142 142 143 145 146 146 147 149 149 150 150 150 150 150 149 149 149 150 150 150 151 151 152 153 153 154 154 155 155 155 157 157 157 159 160 160 161 161 161 161 160 160 160 161 161 161 162 163 163 164 166 166 167 170 170 171 171 172 172 173 174 174 174 176 177 177 178 181 181 182 183 184 184 185 185 185 186 186 186 186 187 188 188 190 191 191
135 135 135 135 137 138 137 139 141 139 141 144 142 144 147 148 147 148 149 149 149 148 149 149 148 149 148 149 151 149 151 152 151 152 153 154 153 154 155 154 155 156 155 156 157 158 157 158 159 158 159 161 159 161 163 165 163 165 167 165 167 169 167 169 171 172 171 172 173 172 173 175 173 175 178 180 177 180 182 180 182 183 182 183 184 185 184 186 188 185 187 189 188 189 189
134 135 134 135 136 138 137 139 140 140 141 143 142 144 146 147 147 148 148 149 149 148 149 148 148 148 148 149 150 149 150 151 151 152 153 153 153 154 154 154 155 155 155 156 157 158 157 158 159 158 160 161 160 161 163 164 163 165 166 166 167 168 168 169 170 171 171 171 172 172 173 174 173 175 177 178 178 180 181 181 182 183 182 183 184 185 184 185 187 186 187 188 188 189 189
