photogrametria/points_cloud/map_visualization/NewGrid.txt
ncols 220
nrows 450
xllcorner 1125
yllcorner 1125
cellsize 35
NODATA_value  -9999
[rows 84 to 125 of 450, columns 0 to 94 of 220]
134 134 135 135 136 137 137 138 139 141 141 142 143 144 145 146 148 148 148 149 149 148 148 148 148 148 148 149 149 150 150 151 152 152 153 153 153 153 153 154 154 155 155 156 156 157 157 158 158 159 159 160 161 162 162 163 164 165 165 167 167 168 169 170 170 170 171 171 172 172 172 173 174 175 176 177 179 179 180 181 182 182 183 183 183 184 185 185 186 187 187 188 189 189 189
134 133 134 135 135 135 138 138 138 141 141 141 144 145 145 146 148 148 148 148 148 148 147 147 147 147 148 148 148 150 150 150 152 152 152 152 153 153 153 153 154 153 155 155 155 156 157 157 157 159 159 160 162 162 162 163 165 165 165 167 167 168 169 169 170 170 171 171 171 172 172 172 174 175 175 176 178 178 179 181 181 181 183 183 183 184 185 185 185 187 187 188 188 188 188
132 133 132 134 136 138 137 139 141 140 141 143 142 144 145 146 146 146 147 147 147 147 146 146 147 147 147 147 148 147 148 149 148 149 151 152 151 151 151 152 152 153 151 153 155 157 156 157 159 158 159 161 160 161 163 164 163 165 166 165 167 168 167 168 169 169 169 169 170 169 170 172 171 173 175 177 176 178 180 179 180 182 181 182 183 184 183 185 186 185 186 187 186 187 188
132 133 133 134 135 137 137 139 140 141 141 142 143 144 144 145 146 146 146 146 146 147 146 146 146 146 147 147 147 147 148 148 149 149 150 151 151 151 151 151 152 152 153 153 155 156 156 157 158 158 159 160 160 161 162 163 164 164 165 166 167 167 168 168 168 169 169 169 169 170 170 171 172 173 174 176 176 178 179 179 180 181 181 182 183 183 184 184 185 186 186 186 186 187 188
132 132 134 134 135 136 138 139 139 141 142 142 143 144 144 145 146 146 146 146 146 146 146 146 146 146 147 147 147 147 147 148 149 149 149 150 151 151 151 150 151 151 153 154 154 155 157 157 157 159 159 159 161 161 162 162 164 164 164 166 166 167 168 168 168 168 169 169 169 169 170 170 172 173 173 174 177 177 178 180 180 180 182 182 182 183 184 184 184 186 186 186 186 187 187
132 133 132 134 137 139 137 140 142 140 142 143 142 143 144 144 144 145 145 145 145 146 145 145 145 144 145 145 146 145 146 148 146 148 149 149 149 149 149 149 150 151 150 151 154 155 154 155 157 156 157 159 157 159 161 163 161 163 164 163 165 166 165 166 167 167 167 167 168 167 168 170 169 171 173 175 173 176 178 176 179 181 179 181 182 183 182 183 183 183 184 185 184 185 188
131 133 132 134 136 137 138 139 141 141 142 142 142 143 144 144 144 144 145 145 145 145 145 145 145 145 145 145 145 145 146 147 147 148 148 148 149 149 150 149 150 150 151 152 153 154 154 155 156 156 157 158 158 159 161 162 162 162 163 163 164 165 165 166 166 167 166 167 168 167 168 169 170 171 172 174 174 175 177 177 178 180 179 181 181 182 182 182 183 183 183 184 184 185 187
131 132 133 134 135 136 139 139 140 142 142 142 143 143 143 143 144 144 144 145 145 145 145 145 145 145 144 144 144 145 146 146 147 148 148 149 149 149 149 149 149 149 151 152 152 153 154 154 155 156 157 157 159 160 160 161 162 162 162 164 164 164 166 166 166 166 166 167 167 168 168 168 170 171 171 172 174 175 175 178 178 179 180 181 181 181 182 182 182 183 183 183 184 185 186
131 133 131 133 136 138 136 138 140 138 140 141 140 141 143 143 143 144 144 144 144 143 144 143 143 143 143 143 145 143 145 147 145 146 146 146 147 147 148 147 148 150 148 150 151 152 151 153 155 153 155 157 155 157 160 160 159 161 161 161 162 163 162 163 164 165 164 166 167 166 167 169 167 169 172 174 172 174 177 174 177 179 177 179 180 180 180 180 181 180 181 183 181 183 186
131 133 132 134 135 137 137 138 139 139 140 141 140 141 142 142 142 143 143 143 143 143 143 143 143 143 143 143 144 143 145 145 146 146 146 146 146 147 148 147 148 149 149 150 151 152 151 152 154 153 155 157 156 157 159 160 159 160 161 161 161 163 162 163 164 165 164 165 166 166 167 169 168 170 171 173 172 174 176 175 177 178 178 179 180 180 180 180 181 180 181 183 182 184 185
131 131 133 134 135 136 137 138 138 139 140 140 141 141 142 142 143 143 143 143 143 143 143 143 143 143 143 143 143 144 145 145 146 146 146 146 146 146 146 147 148 148 149 150 150 151 151 152 153 154 154 155 157 158 158 159 160 160 160 161 161 162 163 163 164 164 165 165 166 166 167 168 169 170 171 172 173 174 174 176 177 178 179 179 180 180 180 180 180 180 181 182 183 184 185
131 131 134 134 134 135 137 137 138 139 139 139 141 141 141 142 142 142 142 143 143 143 142 142 142 142 142 142 143 145 145 145 146 145 145 145 145 146 146 147 147 148 149 149 149 150 151 151 152 154 154 154 157 157 157 158 159 159 159 160 161 161 163 163 163 163 164 165 165 166 167 167 169 170 170 171 173 174 174 176 177 177 179 179 179 179 179 180 179 180 181 181 184 184 184
130 132 131 133 135 136 135 137 138 137 138 139 138 139 140 141 140 141 141 141 141 141 141 141 142 142 141 142 143 143 143 143 143 143 144 144 144 145 146 145 146 147 147 147 149 150 149 150 152 151 153 155 153 155 157 158 157 158 159 158 160 161 160 161 163 164 163 165 167 165 167 169 168 170 172 173 172 174 176 175 177 178 177 178 178 179 179 179 180 179 181 182 181 182 183
130 131 132 133 134 135 136 136 137 137 138 138 139 139 140 140 140 141 141 141 141 141 141 141 141 142 142 142 142 143 143 143 143 143 143 144 144 144 145 146 146 146 147 147 148 149 149 150 151 152 153 154 155 156 156 157 157 158 159 159 160 160 161 162 163 164 164 165 166 166 167 168 169 170 171 172 173 174 175 176 176 177 178 178 178 179 178 179 179 180 181 181 182 183 183
130 130 133 133 134 134 136 136 136 137 138 138 139 139 139 139 140 140 140 141 141 141 141 141 141 141 142 142 142 143 142 143 142 143 142 143 144 144 144 146 146 146 147 147 147 148 149 150 150 152 153 153 155 156 156 156 157 157 158 159 159 159 161 162 162 163 164 164 165 167 167 168 170 171 171 171 173 174 174 176 177 177 178 178 178 178 179 179 179 181 181 181 182 182 182
129 131 129 131 132 134 133 135 136 135 136 137 136 137 138 138 138 139 139 139 139 140 139 140 141 141 141 141 140 141 140 140 140 140 141 143 142 143 144 143 144 144 144 145 147 149 147 149 151 149 151 154 152 154 156 157 156 157 159 157 159 161 160 162 164 165 164 166 167 166 168 169 168 170 171 173 172 173 175 174 175 176 176 176 178 179 177 179 180 179 180 180 180 181 181
129 130 130 131 132 133 133 134 135 135 136 137 136 137 138 138 138 138 138 139 139 139 139 140 140 140 141 140 140 140 140 140 139 140 141 142 142 143 143 144 144 144 144 145 146 147 147 149 150 150 151 153 153 154 155 156 156 157 158 158 159 160 161 162 163 164 164 165 166 167 167 169 169 170 171 172 172 173 174 174 175 176 176 176 177 178 178 178 179 179 180 180 180 180 180
129 129 131 131 131 132 133 134 134 136 136 136 137 137 137 138 138 138 138 139 139 139 139 140 140 140 141 141 141 139 139 139 140 140 140 141 142 142 143 143 143 144 144 145 145 146 148 148 149 151 151 152 154 154 154 155 156 157 157 159 159 160 162 162 163 163 165 165 166 167 168 168 169 170 170 171 172 173 173 175 175 175 176 176 176 177 178 178 179 179 180 180 180 180 180
129 131 129 131 133 133 133 134 134 134 135 136 135 136 136 136 136 137 137 137 137 138 137 138 139 138 139 138 137 138 137 138 137 138 140 141 140 141 141 141 142 143 141 143 146 148 146 148 151 148 151 153 151 153 155 157 155 158 160 158 160 162 160 162 164 165 164 165 165 165 166 167 166 167 170 172 170 172 173 172 173 175 173 175 176 177 176 177 178 177 178 178 178 178 179
129 130 130 131 132 133 133 133 134 134 135 135 135 136 136 136 136 136 137 137 137 138 137 138 138 137 138 137 137 137 137 138 137 138 139 140 140 140 141 141 141 142 141 143 145 146 146 148 149 149 150 152 151 153 155 157 156 157 159 158 160 161 160 162 163 163 164 164 165 165 165 167 166 167 170 171 170 171 172 172 173 174 173 175 175 176 176 177 177 177 177 178 178 178 178
129 129 130 131 132 132 133 133 134 134 134 135 135 136 136 136 136 136 137 137 137 137 138 138 138 138 138 137 137 137 137 137 138 138 138 139 140 140 141 140 141 141 142 143 144 145 146 147 148 150 150 151 152 153 154 155 156 157 158 159 160 160 161 162 162 163 164 164 165 165 165 166 167 168 168 170 171 171 172 172 173 173 174 175 175 176 176 176 177 177 177 178 178 178 178
129 129 131 131 132 132 133 133 133 134 134 134 135 135 135 135 136 136 136 137 137 137 138 137 137 137 136 136 136 136 136 136 137 138 138 138 139 139 140 140 140 140 142 143 143 144 146 147 147 150 150 150 153 153 153 154 157 157 158 159 160 160 161 162 162 163 163 163 164 164 164 164 166 167 167 169 171 171 171 172 172 173 175 175 175 175 175 176 176 177 177 177 177 177 177
129 130 129 131 131 132 132 132 133 132 133 134 134 134 135 136 135 136 137 136 137 136 137 136 135 135 135 135 136 135 136 136 136 136 136 137 137 138 139 138 139 141 139 141 143 144 144 145 147 146 148 151 148 152 155 156 155 157 158 158 159 160 159 160 161 162 161 163 164 163 164 165 164 166 168 169 168 170 171 170 172 172 172 173 173 174 173 174 175 174 175 175 175 176 176
129 130 130 131 131 132 132 132 133 133 133 134 134 134 135 135 135 136 136 137 136 136 137 136 136 135 135 135 135 135 135 136 136 136 136 137 137 137 138 138 139 140 141 141 142 143 144 145 146 147 148 150 150 152 153 155 156 157 158 158 159 159 160 160 161 161 161 162 163 163 164 164 165 166 167 169 169 170 170 171 171 172 173 173 173 173 173 174 174 175 175 175 175 175 176
129 129 131 131 131 131 132 132 132 133 133 133 134 134 134 135 136 136 136 137 137 137 136 135 135 135 135 135 135 135 135 136 136 136 136 136 136 137 137 138 139 139 141 141 142 142 144 144 145 147 147 148 152 152 153 154 156 156 157 158 159 159 160 160 160 160 162 162 162 163 164 164 165 166 166 167 169 169 170 171 171 172 172 172 172 172 173 173 173 175 175 175 175 175 175
129 130 129 130 130 131 130 131 132 131 133 134 133 134 135 135 135 135 135 136 135 134 135 134 134 134 134 134 134 134 135 135 134 135 136 137 136 137 138 137 138 140 139 140 141 142 141 143 145 143 146 149 146 149 153 155 153 156 157 156 157 158 157 158 159 160 159 160 162 160 162 164 162 165 167 169 167 169 169 169 169 170 169 170 170 171 170 171 172 171 172 173 172 173 173
129 129 130 130 130 131 130 131 132 132 133 133 133 134 134 134 135 135 135 135 135 134 134 134 134 134 134 134 134 134 135 136 135 136 137 137 137 138 138 138 139 140 140 141 141 142 142 143 144 144 146 147 148 150 152 154 154 155 156 156 157 157 158 158 158 159 159 160 161 161 162 164 163 165 166 167 168 169 169 169 169 170 169 170 170 170 170 171 171 172 172 173 172 173 173
129 129 130 130 130 130 130 131 131 132 132 133 134 134 134 134 135 135 135 134 134 134 133 133 133 133 134 134 134 134 135 135 136 136 136 137 137 137 138 138 139 139 140 140 140 141 142 142 142 145 145 146 149 150 151 152 155 155 156 157 157 157 158 158 158 158 159 159 160 161 162 162 164 165 166 167 168 168 169 169 169 169 169 169 169 170 170 170 171 172 172 172 172 173 173
129 129 129 129 130 130 130 131 132 131 132 133 133 133 133 134 133 133 133 133 133 133 133 133 133 134 133 134 136 134 136 138 136 138 139 140 139 140 141 140 141 142 142 142 143 143 143 143 145 143 145 148 145 148 152 154 151 154 155 154 155 156 155 156 157 158 157 159 160 158 161 163 161 163 166 167 166 167 167 167 167 168 167 168 169 169 169 170 170 170 170 171 170 171 172
128 129 129 129 129 130 130 130 131 131 132 133 132 133 133 133 133 133 133 133 133 133 133 133 133 134 133 135 136 135 136 137 137 138 139 140 139 140 141 140 141 142 142 142 142 143 143 143 144 144 145 147 146 148 150 152 152 153 154 154 155 155 155 156 156 157 157 158 159 159 160 162 161 163 165 166 166 167 167 167 167 168 167 168 169 169 169 169 170 169 170 171 170 171 172
128 129 129 129 129 129 130 130 130 132 132 132 133 133 133 133 133 133 133 133 133 133 133 133 133 133 133 134 135 136 136 137 138 138 139 139 140 140 140 141 142 142 142 142 143 143 143 143 144 144 145 145 147 149 149 151 152 153 154 154 155 155 155 156 156 156 157 158 158 160 160 161 162 163 164 165 166 166 167 167 167 167 168 168 168 169 169 169 169 170 170 170 171 171 172
128 128 129 129 129 129 130 130 130 131 131 132 132 132 133 133 133 133 133 133 132 132 132 133 133 133 134 134 134 137 137 137 138 139 139 139 140 140 141 142 142 142 143 143 143 143 144 144 144 145 145 145 148 148 149 150 152 152 152 154 154 154 155 155 155 156 157 157 157 159 159 160 162 163 163 164 165 166 166 167 167 167 168 168 168 168 169 169 169 169 170 170 171 171 172
128 129 128 129 129 129 129 129 130 130 130 131 130 131 132 132 132 132 132 132 132 132 132 132 132 134 133 135 137 135 137 138 138 139 140 140 140 141 142 141 142 142 142 143 143 144 143 144 145 144 145 146 146 147 149 150 149 151 153 151 153 154 153 155 155 156 156 156 158 157 159 160 159 161 163 164 163 164 166 165 166 167 166 167 168 168 168 168 170 168 170 171 170 172 173
128 128 129 129 129 129 129 129 130 130 130 131 131 131 132 132 132 132 132 132 132 132 132 132 132 133 133 134 136 137 137 138 138 139 139 140 140 141 141 142 142 142 142 143 143 143 143 144 144 144 145 146 146 147 149 150 150 151 152 152 153 154 154 155 155 155 156 156 157 157 158 159 160 161 162 163 163 164 165 165 166 166 167 167 168 168 168 168 169 169 170 171 171 172 173
128 128 129 129 129 129 129 129 129 130 130 130 131 131 131 131 132 132 132 132 132 132 132 132 132 132 134 134 134 137 137 138 139 139 139 140 141 141 141 142 142 142 143 143 143 143 144 144 144 145 145 145 147 147 148 148 150 150 150 152 152 153 155 155 155 155 156 156 156 158 158 159 161 161 161 162 163 163 164 165 165 166 167 167 167 167 168 168 168 170 170 170 172 172 173
128 129 129 129 129 129 129 129 129 129 130 130 130 130 131 131 131 131 131 131 131 131 131 131 132 135 132 135 137 136 137 138 137 138 140 141 140 141 142 142 142 142 142 142 143 143 143 144 145 144 145 146 145 147 150 152 150 152 152 152 153 153 153 153 154 155 154 155 157 155 157 159 157 159 161 162 161 163 165 163 165 167 166 167 168 169 168 169 171 169 171 172 171 172 173
128 128 129 129 129 129 128 129 129 129 129 130 130 130 131 131 131 131 131 131 131 131 131 131 132 134 133 135 136 136 137 138 138 139 140 141 140 141 142 142 142 142 142 143 143 143 143 143 144 144 145 145 146 147 148 150 150 151 152 152 152 153 153 153 154 155 154 155 156 156 157 158 158 159 161 162 162 163 165 164 166 167 167 167 168 169 169 169 170 170 171 172 172 173 173
128 129 129 129 129 129 128 129 129 129 129 130 130 130 130 131 131 131 131 131 131 131 131 131 132 132 134 134 135 137 137 137 138 139 139 140 141 141 142 142 142 142 142 143 143 143 143 143 143 144 145 145 146 148 148 149 151 152 152 152 153 153 153 153 153 153 154 155 155 157 157 157 159 159 160 161 162 162 163 165 165 166 167 168 168 168 169 169 169 171 171 171 172 173 173
128 127 128 128 128 128 127 128 129 128 129 129 129 129 130 130 130 130 130 130 130 130 130 131 133 135 133 135 137 135 137 138 137 138 140 141 140 141 142 141 142 142 142 143 143 143 143 143 144 143 144 144 144 145 147 149 147 149 151 150 151 152 151 152 153 154 153 154 156 154 156 158 156 158 161 163 161 164 167 164 167 168 167 168 170 171 170 171 172 171 172 172 172 172 173
127 127 127 127 127 128 127 128 128 128 129 129 129 129 129 130 130 130 130 130 130 130 130 131 132 133 133 134 136 135 136 137 137 138 139 140 140 141 142 141 142 142 142 142 142 143 142 143 143 143 144 145 144 145 147 149 148 150 151 150 151 152 151 152 153 153 153 154 156 155 156 158 157 159 161 162 162 164 166 165 167 168 168 169 169 170 170 171 171 171 172 172 172 172 172
127 127 127 127 127 127 128 128 128 129 129 129 129 129 129 129 129 129 130 129 129 130 130 131 131 132 134 134 135 136 136 137 137 138 138 139 140 140 141 142 142 142 142 142 142 142 142 143 143 143 144 144 144 145 146 147 148 149 150 151 151 151 152 152 152 153 154 154 155 155 156 157 158 159 160 161 162 163 164 166 167 168 168 169 169 170 170 171 171 171 172 172 172 172 172
126 126 126 127 127 127 128 128 128 128 128 128 129 129 129 129 129 129 129 129 129 129 130 131 131 132 134 134 134 136 136 136 138 138 138 138 140 140 140 142 142 142 142 142 142 142 143 142 143 143 143 143 145 145 145 146 149 149 150 151 151 151 152 152 152 152 153 154 154 156 156 157 160 160 160 161 163 163 164 167 167 167 169 169 169 170 171 171 171 172 172 172 172 172 172
