photogrametria/points_cloud/map_visualization/NewGrid.txt
ncols 220
nrows 450
xllcorner 1125
yllcorner 1125
cellsize 35
NODATA_value  -9999
[rows 336 to 377 of 450, columns 95 to 189 of 220]
132 132 133 133 133 133 133 133 133 134 134 134 134 135 135 136 137 136 137 138 138 138 138 138 139 139 138 138 138 139 139 139 139 140 140 140 141 141 142 143 143 143 144 144 144 145 145 145 146 146 147 146 147 147 147 147 148 147 148 149 150 150 150 151 151 151 152 152 152 153 154 153 155 156 155 156 157 157 157 158 157 158 157 157 158 157 157 157 157 158 159 158 159 160 160
132 132 132 133 133 133 133 133 134 134 134 134 134 135 135 136 136 137 137 137 138 138 138 138 138 138 138 138 138 139 139 139 139 140 140 140 141 141 142 142 143 143 144 144 144 145 145 145 146 146 147 147 147 147 147 147 148 148 148 149 150 150 150 151 151 151 152 152 152 153 153 154 154 155 156 156 157 157 158 158 158 158 158 157 157 157 157 157 157 158 158 159 159 159 160
132 132 132 132 133 133 133 133 134 134 134 134 134 134 135 135 135 136 137 137 137 138 138 138 138 138 138 138 138 138 138 139 139 139 140 140 141 142 142 142 143 143 143 143 144 145 145 146 146 146 146 147 147 147 147 147 147 148 149 149 149 150 150 151 152 152 152 153 153 153 153 154 154 155 156 156 156 157 157 157 158 157 157 157 157 157 157 157 157 157 158 159 159 159 160
132 131 132 133 132 133 133 133 133 133 134 133 134 134 134 134 135 134 135 136 136 136 136 137 136 137 138 137 138 138 139 138 139 140 139 140 141 141 141 142 143 142 143 144 143 144 145 145 145 146 147 146 147 148 147 148 148 148 148 149 150 149 151 152 151 152 153 152 153 154 154 154 155 156 155 156 156 156 156 156 156 156 156 155 156 155 156 155 156 157 158 157 158 159 158
132 132 132 132 132 133 133 133 133 133 133 133 134 134 134 134 135 135 135 136 136 136 137 137 137 137 138 137 138 138 139 139 139 140 140 140 141 141 142 142 143 142 143 144 144 144 145 145 145 146 147 147 147 147 147 148 148 148 148 149 150 150 150 151 151 152 152 152 153 153 154 154 155 155 155 156 156 156 156 156 156 156 156 156 155 155 156 156 156 157 157 158 158 158 158
131 132 132 132 132 133 133 133 133 133 133 133 134 134 134 134 134 135 135 135 136 136 136 136 137 137 137 138 138 138 138 139 139 139 140 140 141 142 142 142 142 142 143 143 144 144 145 145 146 146 146 147 147 147 148 148 148 148 149 149 149 150 150 151 151 152 152 153 153 153 154 154 154 155 156 156 156 156 156 156 156 156 156 155 155 155 155 156 156 156 157 158 158 158 158
132 131 132 132 132 132 133 132 133 133 133 133 133 133 133 133 134 133 134 135 137 135 137 138 137 138 139 138 139 139 139 139 140 141 140 141 141 141 142 142 143 142 143 144 143 144 145 144 145 147 147 147 148 148 148 148 148 148 148 149 149 149 149 151 149 151 153 151 153 154 154 154 155 155 155 155 154 155 154 154 154 154 154 155 154 155 156 155 156 157 157 157 157 158 157
132 131 132 132 132 132 132 132 133 133 133 133 133 133 133 133 134 133 134 135 136 135 137 138 137 138 138 138 139 139 139 139 140 141 140 141 141 141 142 142 143 142 143 144 144 144 145 145 146 146 147 147 147 148 148 148 148 148 148 148 149 149 149 150 150 151 152 152 153 154 154 154 154 154 154 154 154 154 154 154 154 154 154 155 154 155 155 155 156 157 157 157 157 158 158
131 132 132 132 132 132 132 133 133 133 133 133 133 133 133 133 133 134 134 135 135 136 137 137 138 138 138 139 139 139 139 139 140 140 141 141 141 142 142 142 142 143 143 143 144 144 145 145 146 146 146 147 147 148 148 148 148 148 148 148 148 149 149 150 150 151 152 153 153 153 154 154 154 154 154 154 154 154 154 154 154 154 154 154 154 155 155 156 156 156 157 157 157 157 158
131 132 132 132 132 132 132 133 133 133 133 133 133 133 133 133 133 134 134 134 135 137 137 137 138 138 138 139 139 139 139 140 140 140 141 141 141 142 142 142 142 143 143 143 144 145 145 146 146 146 146 147 147 147 148 148 148 148 148 148 148 149 149 149 151 151 151 153 153 153 154 154 154 154 154 153 153 153 153 153 153 154 154 154 155 155 155 156 156 156 157 157 157 157 158
131 131 131 131 131 131 132 131 132 132 132 132 132 132 132 132 133 132 133 135 137 136 137 138 138 138 139 139 139 140 141 140 141 142 141 142 142 142 143 143 144 143 144 144 144 145 145 145 146 146 147 146 147 148 147 148 148 148 148 148 149 148 150 151 150 151 152 152 153 153 152 153 152 152 152 152 152 152 152 153 154 153 154 155 154 155 156 155 156 157 157 157 157 158 158
130 131 131 131 131 131 132 132 132 132 132 132 132 132 132 132 133 133 134 135 136 136 137 138 138 138 139 139 139 140 140 140 141 141 142 142 142 143 143 143 143 143 144 144 144 145 145 145 146 146 146 147 147 148 148 148 148 148 148 148 149 149 150 150 151 151 152 153 153 153 153 153 152 153 152 152 152 152 152 153 153 153 154 154 155 155 156 156 156 157 157 157 157 158 158
130 130 131 131 131 131 131 132 132 132 132 132 132 132 132 132 132 133 134 134 135 137 137 137 138 138 138 139 139 139 139 141 141 141 142 142 143 143 143 143 143 144 144 144 145 145 145 146 146 146 146 147 147 147 148 148 148 148 148 148 148 149 149 150 152 152 152 153 153 153 153 152 152 152 152 152 152 152 153 153 153 154 154 154 155 155 155 157 157 157 157 157 157 157 158
129 129 129 129 129 130 130 130 130 131 131 131 131 132 131 132 133 132 134 135 137 135 137 138 137 138 139 138 139 140 142 140 142 143 142 143 143 143 143 144 144 144 144 145 144 145 146 145 146 146 147 146 147 149 147 149 150 149 150 150 151 150 151 152 151 152 152 152 152 151 151 151 151 152 151 152 152 152 152 153 154 153 154 155 154 155 156 156 156 157 158 157 158 158 158
129 129 129 129 130 130 130 130 130 131 131 131 131 132 131 132 133 133 134 135 136 136 137 138 137 138 139 139 139 140 141 141 142 142 142 143 143 143 143 144 144 144 144 145 145 145 146 146 146 147 147 147 148 148 148 149 149 149 150 150 150 150 151 151 151 152 152 152 152 151 151 151 151 151 151 152 152 152 153 153 153 154 154 155 155 155 156 156 156 157 157 157 158 158 158
128 129 129 129 129 129 130 130 130 130 130 131 131 131 132 132 133 134 134 134 135 136 136 137 138 138 138 139 139 140 140 141 142 142 143 143 143 143 143 143 144 144 144 144 145 145 145 146 146 146 147 147 147 148 149 149 149 150 150 150 150 151 151 151 152 152 152 152 151 151 151 151 151 151 152 152 152 152 153 153 153 154 154 154 155 155 156 156 156 157 157 157 157 158 158
129 128 129 130 129 130 130 130 130 131 132 131 132 133 132 133 134 133 134 136 137 136 137 138 137 138 139 138 139 141 142 141 142 143 142 143 143 143 143 144 144 144 145 146 145 146 147 146 147 148 149 148 149 150 149 150 151 150 151 151 151 151 151 151 151 151 150 151 150 150 150 150 151 152 151 152 152 152 152 153 154 153 154 155 154 155 156 155 156 158 158 157 158 159 158
129 129 129 129 129 130 130 130 130 131 131 131 132 133 132 133 134 134 135 136 136 136 137 138 137 138 139 139 140 140 141 141 142 142 142 143 143 143 143 144 145 144 145 146 145 146 147 147 147 148 149 148 149 149 150 150 151 150 151 151 150 151 150 150 151 150 150 150 149 150 150 150 150 151 151 152 152 152 152 153 154 153 154 155 155 155 156 156 156 157 158 158 158 158 159
128 129 129 129 129 130 130 130 130 131 131 131 132 132 133 133 134 134 135 135 136 137 137 137 138 138 139 139 140 140 141 141 142 142 142 143 143 143 143 144 144 144 145 145 146 146 147 147 148 148 148 149 149 149 150 150 150 151 151 151 151 151 150 150 150 150 150 149 149 150 150 150 150 151 151 152 152 152 153 153 153 154 154 154 155 155 156 156 157 157 157 158 158 158 159
128 129 129 129 129 130 130 130 131 131 131 132 132 132 133 133 133 135 135 135 136 137 137 137 138 138 139 140 140 140 141 142 142 142 142 143 143 143 143 143 143 145 145 145 147 147 147 148 148 148 148 149 149 150 150 150 150 151 151 151 151 150 150 150 150 149 150 149 149 149 149 150 150 150 151 151 152 152 153 153 153 154 154 154 155 155 156 156 157 157 157 158 158 158 159
129 129 129 130 129 130 131 131 131 132 132 132 133 134 133 134 135 134 136 136 137 136 137 138 137 138 139 139 139 140 141 141 141 142 142 142 143 142 143 145 146 145 146 147 147 147 148 147 148 149 149 149 149 149 149 150 150 150 150 149 148 149 148 147 148 148 148 147 148 149 150 149 150 151 150 151 152 152 153 154 154 154 155 155 155 155 156 156 156 157 158 157 158 158 158
129 129 129 130 130 130 131 131 131 132 132 132 133 133 133 134 134 135 136 136 136 137 137 137 138 138 139 139 140 140 141 141 141 142 142 142 143 143 143 144 145 146 146 147 147 147 147 148 148 148 148 149 149 149 149 149 149 150 150 149 149 149 148 148 147 147 148 147 148 149 149 150 150 151 151 151 152 152 153 153 154 154 154 155 155 155 156 156 156 157 157 158 158 158 158
128 129 129 129 131 131 131 132 132 132 132 132 133 133 134 134 134 136 136 136 136 137 137 137 138 138 138 139 139 140 140 141 141 141 142 142 142 143 144 144 145 146 146 147 147 147 147 148 148 148 148 149 149 149 149 149 149 149 149 149 149 148 148 147 147 147 147 148 148 148 149 150 150 150 151 151 152 153 153 153 154 155 155 155 155 155 155 156 156 156 157 158 158 158 158
130 130 130 131 130 131 132 132 132 133 133 133 134 134 134 135 135 135 135 136 137 136 137 137 137 138 138 138 139 140 141 140 141 141 141 142 143 142 143 146 147 146 147 147 147 147 148 147 148 147 147 148 147 147 147 147 147 147 147 146 145 146 146 146 145 147 148 147 148 150 151 150 151 152 151 152 153 152 153 154 154 154 155 155 155 155 156 155 156 156 157 156 157 157 157
130 130 130 131 131 132 132 132 133 133 133 133 134 134 134 135 135 135 136 136 136 136 137 137 137 138 138 138 139 139 140 140 141 141 141 142 143 143 144 145 146 146 147 147 147 147 147 148 148 147 147 147 147 147 147 147 147 147 147 146 147 146 146 147 146 147 148 148 149 149 150 150 151 151 151 152 152 153 153 153 154 154 154 155 155 155 155 155 156 156 156 156 157 157 157
130 130 130 130 131 132 132 133 133 133 133 134 134 134 134 135 135 135 136 136 136 137 137 137 137 138 138 138 139 139 140 140 141 141 141 142 142 143 144 144 145 147 147 147 147 147 147 148 147 147 147 147 147 147 147 147 147 147 146 147 146 145 146 145 146 147 147 149 149 149 150 151 151 151 152 152 152 153 153 153 154 154 154 154 155 155 155 155 156 156 156 157 157 157 157
131 131 131 132 131 132 133 132 133 133 134 133 134 135 134 135 135 135 135 136 137 136 137 137 137 137 138 137 138 140 141 140 141 142 141 142 144 142 144 146 147 146 147 147 147 147 147 147 147 145 144 146 144 144 144 144 144 144 144 145 146 145 147 148 146 148 150 148 150 150 151 150 151 152 151 152 153 152 153 154 154 154 154 154 154 154 155 154 155 155 156 155 156 157 156
131 131 131 132 132 132 133 133 133 134 134 134 134 134 134 135 135 135 135 136 137 136 137 137 137 137 138 138 139 140 141 140 141 142 142 143 144 143 144 145 146 146 146 146 147 146 146 147 146 145 145 145 144 144 144 144 144 144 145 145 146 145 146 147 147 148 149 149 150 150 151 150 151 151 151 152 152 152 153 153 154 154 154 154 154 154 154 154 155 155 156 155 156 156 156
131 131 131 132 132 132 133 133 133 133 134 134 134 134 134 135 135 135 136 136 136 137 137 137 137 137 138 138 139 139 140 141 141 141 142 143 143 144 145 145 146 146 146 146 147 146 146 146 146 146 145 144 144 144 144 144 144 144 144 145 145 146 146 147 148 148 149 149 150 150 150 151 151 151 152 152 152 153 153 153 154 154 154 154 154 154 154 154 155 155 155 155 156 156 156
131 131 131 132 132 132 133 133 134 134 134 134 134 134 135 135 135 136 136 136 136 137 137 137 137 138 137 139 139 139 140 141 141 142 143 143 143 145 145 145 146 146 146 146 146 146 146 145 145 145 145 144 144 143 143 143 143 144 144 145 145 146 146 147 148 148 148 150 150 150 150 151 151 151 152 152 152 153 153 153 153 154 154 154 154 154 154 154 155 154 155 155 156 156 156
131 131 132 132 132 133 134 133 134 134 134 134 134 134 134 135 135 135 135 136 137 136 137 137 137 138 140 138 140 141 142 142 142 143 143 143 144 144 145 145 145 145 145 144 145 144 143 144 143 143 143 143 143 144 143 144 144 144 145 146 146 146 147 148 147 148 149 148 149 150 151 150 151 151 151 152 152 152 152 153 153 153 153 153 153 153 154 153 154 155 155 155 156 156 156
131 131 132 132 132 133 133 133 134 134 134 134 134 134 134 135 135 135 135 136 136 137 137 137 137 138 139 139 140 141 141 142 142 143 143 143 144 144 145 145 145 145 145 145 145 144 144 144 143 143 143 142 143 143 143 144 144 144 145 145 146 146 147 147 148 148 149 149 149 150 150 150 151 151 151 152 152 152 153 153 153 153 153 153 153 153 154 153 154 154 155 155 156 156 156
131 131 131 132 133 133 133 134 134 134 134 134 134 134 134 135 135 135 136 136 136 137 137 137 137 138 138 140 141 141 142 142 143 143 143 144 144 144 145 145 145 145 145 145 144 144 144 143 143 142 142 142 142 143 144 144 144 145 145 145 146 147 147 147 148 148 148 149 150 150 150 151 151 151 151 152 152 152 152 153 153 153 153 153 153 153 153 154 154 154 154 155 155 156 156
131 131 131 132 131 132 133 133 133 134 134 134 134 135 134 135 135 135 135 136 137 136 137 138 137 139 141 138 141 142 141 142 142 143 142 143 144 143 144 144 144 144 144 142 144 142 141 142 141 142 142 142 143 144 143 144 145 144 145 146 147 146 147 148 147 148 149 148 149 150 150 150 150 151 151 151 152 151 152 152 152 152 152 152 152 153 153 152 153 155 155 155 156 156 156
131 131 131 132 132 132 133 133 133 134 134 134 134 135 135 135 135 135 136 136 136 136 137 138 138 139 140 140 141 142 142 142 142 143 142 143 143 144 144 144 144 144 143 143 143 142 142 141 141 142 142 142 143 143 143 144 145 145 145 146 146 146 147 148 148 148 149 149 149 150 150 150 150 151 151 151 151 152 152 152 152 152 152 152 152 153 153 153 154 154 155 155 156 156 156
130 131 131 131 132 132 132 133 133 133 134 134 134 134 135 135 135 135 136 136 136 137 137 137 138 139 139 141 141 142 142 142 142 142 143 143 143 144 144 144 143 144 143 143 142 142 142 141 141 141 141 142 142 143 144 144 144 145 145 145 146 147 147 147 148 148 148 149 149 150 150 150 150 150 151 151 151 152 152 152 152 152 152 152 152 152 152 154 154 154 154 155 155 156 156
131 130 131 132 131 132 132 132 132 133 134 133 135 135 135 135 136 136 136 137 138 136 138 140 138 140 141 140 141 141 142 142 142 143 142 143 143 143 143 142 141 142 141 140 141 140 141 140 140 142 143 142 143 144 143 144 145 144 145 146 147 146 147 148 147 148 149 148 149 150 150 149 150 151 150 151 151 151 151 151 152 151 152 152 152 152 153 153 153 154 155 154 155 156 155
130 130 131 131 131 132 132 132 132 133 134 133 134 135 135 135 136 135 136 137 137 137 138 139 139 140 140 141 141 141 142 141 142 142 142 143 142 143 142 141 141 141 140 140 140 140 141 140 141 142 142 142 143 144 143 144 145 145 145 146 146 146 147 147 147 148 148 148 149 149 150 149 150 151 150 151 151 151 151 151 152 151 152 152 152 152 153 153 153 154 155 154 155 156 156
130 130 131 131 131 132 132 132 132 133 133 134 134 135 135 135 136 136 136 136 137 137 138 138 139 140 140 141 141 141 142 141 142 142 143 143 142 143 142 142 141 141 141 141 140 140 140 140 141 141 142 142 143 143 144 144 145 145 145 146 146 146 147 147 148 148 148 149 149 149 149 150 150 150 151 151 151 151 151 151 151 151 152 152 152 152 153 153 154 154 154 155 155 155 156
130 130 130 130 131 131 131 132 132 132 132 134 134 134 135 135 135 136 136 136 136 138 138 138 140 140 140 141 141 141 141 142 142 142 143 143 143 141 141 141 140 140 139 140 139 140 139 141 141 141 142 143 143 143 144 144 144 145 145 145 146 146 146 147 147 148 148 148 149 149 149 150 150 150 151 151 151 151 151 151 151 151 151 151 152 152 153 153 154 154 154 155 155 155 156
130 130 130 131 130 131 132 131 132 132 133 133 134 134 134 135 136 135 136 137 138 138 139 140 139 140 140 140 140 141 142 141 142 142 142 141 139 142 140 139 139 138 139 140 139 140 141 140 141 142 143 142 143 144 143 144 145 144 145 145 146 145 146 147 146 147 147 147 148 148 149 148 149 150 149 150 150 150 150 151 151 151 152 152 152 152 153 153 153 154 154 154 155 155 155
130 130 130 130 131 131 131 131 132 132 133 133 133 134 134 135 135 135 136 137 138 138 139 139 140 140 140 140 140 141 141 141 142 142 142 141 141 140 139 139 138 138 139 139 139 140 140 141 141 142 142 142 143 143 143 144 144 145 145 145 145 145 146 146 146 147 147 147 148 148 148 149 149 149 150 150 150 150 150 151 151 151 151 152 152 152 153 153 153 153 154 154 154 155 155
